462
gaceta de la habana
3608
3609
3610 3614 3617
3627
3636
3663
3691
3700
3702
37°7
3709
3715
3716
3717
3725
3726
3730
3737
3749
3753
3773
3777
3799
3813
3814
3838
3839 3842 3847
3850
3851 3876
3881
3882 3889
3911
3912
3914
3915
3918
39x9
3920
2933
3941
3945
3960
3968
397°
3993
3999
4000
4001
4002
4003
4004 4009
al
4016
4018
4019
4020
4021 4024
4026
4027
4028 403° 4032
4034
4035
4036 .4038
al
4044
4046
4047 4049 4°5°
4054
4055 4°57
4059
4060
4061 4064 .4068
4069
4070
4071
4072
4075
4076
4077 4080 4082
4084
4085
4086
4090
4091
4092
4093
4094 4096
4099
4100 4104 4111
4113
4114
4115
4116
4x17
4118
4127
4138
4140
4144
4145 4U7 4153 4156 4159 4161 4080
4211
4212 4214 4216 4222 4226 4228
4231
4232
4233 4246 4254 4286 43°4 4305 4312 43*3 43r4
al
43x6
4319
4321
4324
4325
4326 4332
al
4335 4343 435° 4351 4378 4396 4401
4403
4404
4405
4407
4409
4411
45x3
4414
4415 4417
4420
4421
4422
4424
4425
4433
4434 4438 4440 al
4445
4447
4448 4452 4454
al
4456
4458
4459 4466
4477 4480 4483 4491 4500 4502 45°4 45°7
4508
4509
4511
4512 45 x4 45 x5 45x9 al
4532
4534
4535
4536
4540
4541 4544 al
4548
4550
4553
4554
4555 4557
4560
4562
4567
4570
4575
4577
4584
4589
459°
4597
4610
4611
4615
4616
4621
4622
4623 4626
4630
4631
4632
4633
4648
4666
4669
4675
4676
4677 4681 al 4690 4695 4703 4705 4707 47x4 47x5
4716
4717 4719 4724 4729 473° 4734 4738
4741
4743
4744
4745
4746
4747
4748 4755 4764
4770
4771 4774 4777 4781 4803
4809
4810 4848 4864 4866 4894 49°4 49°7 4910 4914 4939 4944 4949 4958 4964
4977 49!)1
4999
5000 al 5007 5009 al 5021
5024
al 5029
5°3X
5032
5°33 5°35 5°38 al
5°45 5048 al 5°55
5057
5058
5°59
5060
5062
5066
5oó9
5°7°
5072
5°75
5°77
5°79
ìo8o
5085
5090
5092
5°93
5095
5099
5100
5101
5I03
5I05
5112
al
5116
511'
al
5121
5125
5126 5128 5*3° 5133
5140
5X4T
5145
5151
5152
5154
5155
5165
5169
5i7°
5X7X
5174
5180
5181
5182 5189
al
5200
5202
5205
5211
5212
5215
5217
5219
al
5222
5225
5230
5232
5233 5236 5247 5249 5251 S2S5 5258 5260 526X
5265
5266 5269 5275 5280 5282 5284 5288
al
53°°
53°4
53°5
53°7
53x3
53I5
53l8
5322
5323 5325 5327 533° 5333 5335 534° 5341
5343
5344
5345
5349
5350
5352
5353
5354
5355 53fil
al
537°
5373
5375
5376 5385 5388 5391
al
5395
5397
5400
54or
5404
5405 5407
5411
5414
5415 54*7
al
5422
5425
5426
5427 5433
5434
5444
5445 5447
5449
5450 5455 5463 546s 5468 5471 548o 5488 549°
al
55o1
55°3
55°4
55°5
55°7
55°9
al
5522
5525
553°
al
5534
554°
5541
5542
5544
5545 5547 555°
5551
5552
5553 5555
al
556°
5562
5564
5565 5567
5569
557°
5575
5577
5579
5582
5583
5587
5588 559° 5595
5598
5599
5602
5603 5608 5611 56x3 5614 56x5 5618 5620
5626
5627
5630
5631
5632
5634
5640
5fi4i
5643
5645
5646
5655
5656
5657 5660 5666
al
5671
5675
5681
al
5690
5697
5704
al
5707
57X0
57x4
5715
57x6
5719
5728
5729 573°
5733
5734 5742
5745 5751 5755
5757
5758 57 63 5770 5775 5777Í 5778
5779
S78i
al
5791
5799
5802
5805
5808
5813
58i'5
5816
5820
5825
5831
5833
5839
5855
5858
586O
5863
5870
al
5880
5885
5886 5888
5901
5902
5904
5909
5917
5919
5920
5925
5927
5928
5929 5931 5933 5935 5940
5945
595°
5953
5955
5956
5959
5961
5968
5969
5970
5977
5978
5979
5983
5984 5995
5999
6000
6001
6006
6007
6009
6010 6012 6014
al
6018
6020
6021 6023
al
6026
6028
6030
6033
6039
al
6042
6046
al
6049
6054
6055
6061
6062
6063 al
6067
6070
6075
6077
6078 6080 6083 6090
6093
6094
6095 6099 6104
6106
6107 6110 6112
al
6116
6121
6124
6129
6131
6160
6x61
6165
6166
6176
6177 6193
6211
6212 al
6222
6250
6266
6291
6311
63x3
6314
63x5
6318
6322
*>333
Ó336
6337
6348
635°
6351
6353
6355
6356 6370 63 73 6381 6384 6401 6414 6420 6425
6428
6429
6430 6434 6446
6453
6454 6456
6459
6460 6464 6468 6471 6484 6496 6502 6504
6506
6507 6509 6*12 6514
6518
6519 6*21 0525
6526
6530
6535
6538
6543
6552
6555
6556 6565
6571
6572
9573
al
6581
6586
6^8
6602
6606
6609
6611
6614
66x7
6626
6630
6632
6633 6636 6639 6644 6646 6655 6657 6659 6661
al
6664
6666
6668
6669
6677
6679
6680 6686 6699 6705 6707 67x1 6714
6728
6731
al
6740
6747
6748 6750 6767
6776
6777
68xi
al
6821
6834
6840
6854
6861
6863
6866
6868
6885
6886 6888
6889
6890 6911 6926 6944 6951 6957 6967 6969 6980 6990 6999 al
7011
70x2
7015
7016
7019
7020
7021
7025
7026 7028
7030
7031 7033
7036
7037
al
7042
7044
7045 7047
7049
7050 7052 7054
al
7061
7070
7071 7073 7°75
7077
7078 7080 7083
7087
7088 7090 7°9i 7097
7°99
7100
7101 7103
7x05
7107
7108
7110
7111
7112
7x14
7115
7117
7x19
7123
7125
7128
7130
7I3X
7X33
7x41
al
7150
7155
7160
7166
al
7171
7173
al
7178
7187
7x90
7X94
7X95
7196
7205
7207
72x4
7215
7217
72x8
7224
7227
7234
al
7237
7241
7244
7247
7251
7252 7255 7259 7262 7268
7271
7272 7276 7279 7286 7295 7297 7299 7301 7306 73°7 7313 al
7316
7320
7321
7324
7325 7327 7333
7336
7337 7341
7345
7346
7347 7352 7355 -7357 7360
736x
7367
al
737°
7373
7375
7376
7377
738i
al
739°
7393
7397
7402
7403 7405 7408
7413
7414 7425 7429 743° 7432 7440
7444
7445 7447 7449 745° 7453 7455 7462
7465
7466 al
7471
7474
7475 7477 748i
7487
7490
7494
7495 7500 75°x 7505 7507 75°8 751° 75X2
al
75X5
75X7
75x8
7520
7521 7523 7525 753°
al
7533
7542
7544
7545 7549 755x 7555
al
7559! 756li 75 65 7567
7570
7571 7575 7577
7579
7580
7581 7585 7537 759° 7591 7599 7610
7615
7617
7619
7620
7627
7628
7632
7633 7641
al
7650
7653
7660
7661
7662 7665 7667
7675
al
7678
7702
7705
7707
7708
7711
7714
77x5
7717
7720
7721
7722
7727
7728 773°
7732
7733
7734
7736
7737
7739
7740
7741 7744
7746
7747 7751 7753 7754| 7755 7757 7763 7766 7769
777°
al
778i
7783
7784
7785
7787
7788 7791 7797 7799 7801
7807
7808
7809 78x1 7812 7826
7833
7837
7841
7843
7846
7850
786S
7869
7872
7873 7877 7880
7883
7884
7887
7888 7890 7896 7900 791 x 7913 7919
7921
7927
7946
7957
7961
7962 7965 7970
7976
7977 7979
7986
7987 7995 7997
7999
8000
8001
8002 8004
al
8012
8014
8015 8020
8024
8025
8027
8028 8030
8034
8038
al
8048
8055
8063
8065
8070
8073
8078
8080
8082
8084
al
8090
8098
8xox
8106
8109
8xix
al
8115
8x17
8118
8120
8121 8125
8129
8130 8x35
8138
8x40
8130
8i55
8158
8160
8170
8171 8181 8184! 8189 8x90 8214 8218 8222 8225
8247
82ÍO
8257
8269
8284
8288
8316
8318
8332
8341
al
8344
8353
8367
8387
8390
8397
8404
8408
8410
8414
8420
8429
8437
8448
8463
8470
8479,
8486
8488
8491
8492 8499 85OI, 8503! 8504 8505!
8507
8509
85x0
8511
8514
8515
8519
8520 8522
8525
8535!
8539
8545
8551!
8555
8559
8568
857°
8579
8582
8585
8588
8608
8620
8625
8626 8630 8640 8646 8651
8657
8658 8668 8675
8707
8709
8714
8729
8730
8731 8737
al
8743
8751
8760
8765
8769
8771
8777
al
8780
8790
8803
8807
8808 8818 ,§8x9 Ì5821
8822
8823
8825
8826
8827 8838 8844 8848 8850 8858 8862 8864 8880
8885
8886 8888 8889 8893
8898
8899 8907
8916
8917 8924
8947 89 57 8980
8999
9000 al
9012
9014
al
9022
9024
9°25
9027
9°3°
9031
9°39
9040
9041 9045 9049
9°5°
9051
9°54
al
9°57
9°59
9069
9071
9072 9°73 9°75 9°77 9079
al
9082
9086
9088
al
9091
9°93
9094
9096
9097 9099 9x03 9199 9111
al
9115
9118
9119 9121 9137 9144 9154 9157 9x58
9160
9162
9164
9175
9176 9181
9x83
9186
9190
9191
9192 9X97 9x98 9199 9204 6207 92x0
9214
9215
9216 9218 9226
al
9235
9242
9245
9246
9247
9249
9271
9279
9289
9297
9300
93°3
93°4
93°5
93X4
9315
9329
933°
9333
9339
9344
9345
9346
9347 935° 9362
9373
9386
939°
9393
al
9396
9399
9402
9404
9409
9411
9416
9417 1419 943° 9434, 9440
9444!
9446
9448
9449 9451
9457
9458 9460 9467 9472 9486
949° al
95°° 95°3 95°7 95 °9 95X2 al
9515
95x8
9519
9521
9528
9533
9543
9544 9549 955° 9551 9553 9559 957°
9574
9575 9597 9599 9614 9618 9620 9623
al
9626
9629
9630 9657 9663 9669 9684 9691
9699
9700
9701
9702 9707 97x8 9721 9723 9731 9745 975° 9753 977° 9772 9777 9779 979° 9797 9805
9813
9814
9820
9827
9837
9839
9846
9851
9867
9882
9885
9887
9898
9900
9901
9902 6903 9907 9909
9912
9914
9115
99x8
9919
9923
9929
9933
9955
9966
9977
9981
9983
999°
9991
9995
9996
9998
9999
10000
al
10017 10019
10021
10022 10025 10027
10029
10030 x°°33 x°°35
al
10042
10045
10047
10050
10052
10066
10071
10073
10074
IOP75
10076
10077
10080
10081
10084
10085
10087
10089
10090
10098
10099
10101
10102
10105
10109
al
xoxi6
101x8
X0119
10X20
X0122
10125
10126 10128 : al 10131 x°i33 10X34 10x36 10137 10X39
10140
10141 10144 10X47 10X54 x°i55
10160
10161 10166 10170
al
10180
10186
10191
10201
10207
10210
10215
10217
10220
10222
10223 10225 X0230 10233 l°234
10236
10237 10247
al
10250
10252
10256
10258
10265
10269
10288
10290
10302
10309
al
10313
10316 10326 al 1032 x°33° - al x°34i
X0343
x°344
x°35°
x°355
i°357
al
10360
10362
10366
10368
10380
10381
10384
10386
10399
10400 10404 IO4O6 TO408 I04I0 I04I2
I04I4
10417
10418
10419 10427 10429 1043 Í 10432 io433 10436
10440
10441
10444
10445
10450
10451
X0453
10456
10460
X0461
10462
10468
10469 10472 10474
10477
10480
10486
10487
10488 10490 10492 X0493
10498
10499 10501
al
10507
10509
al
10512 i°5X4 xo5i5
10520
10521
10522
10524
10525
10526 i°53i x°533 x°534 x°535 10538
al
10542
'°544
al
10547
10550
al
x°553
10555
x°557
x°558
IO562
al
i°565
10569
xo573
al
10576
10579
10582
10585
10586 10592 X0593
10597
10598 10604 10608 10625 10630 10632 10636 10638 10640 10646 10658
10662
10663 10666 10680 10684
10689
10690 10701'
10702
10703 10705 10707 10712
107x5
10719
10720 10725 16728 xo735
10736
10737
10741
10742 xo747 10751 xo754 10755 10758
10767
10776
al
10780
10785
10789
10793
10797
10800
10801
10805
10806 10809
11151 10812 11153 10815 11155 10820 al 10825 il160 10835 11162 10844 11163
al 10850
ix 170
>1
10854 11168
X0855
10856 10859
10864
10865 10868
10878
10879
10880 10882 10884
10887
10888
10889
10900
10901 10904 10909
al
10914 10916 10919 X0921 al
10930
10934
xo935
10939
10947
10950
al
10960 10999 10971 10987 10990 10996
io99 7
10999
11000
al
11165
al
1x174 11177
X1179
11183 11191 XII95 al
11205 11211
11213
11214
11215 11218
al
11222 il 225 11226 11229 al
11234
11240
li 243
11244
11245 11248
il2/!9 il 252
11254 xi255 11262 1126311 * 628 x 1269 H630 11270 al 11277 * 1640 11282 H644 i1302 1164ñ al H647 11648 ’1649 1165:: 21653
11518
11519
11523
11524
11525 11527
11531
11532 11633
11536
11537 11539
al
11542
11544
al
11547
11561
11062
11555
11556
11559
11560 11566 11571 11672 11577 11580
11584
11585
11594
11595 11599 11605 11610 11611
11614
11615 11618
al
11622
11625
11306
11311
1004 al 1x006 113x7 11008 11322111656 al
noi
IIOI
al
1325 11657 2 11327 11660 4 1x333 L
ii33sI^-67(>
11018 11336
1102
al
i II337 1X339 al
1x025
11026	11345
11027	11348
11028	11349
al
1x033 XX353
11036	11355
11037	XX356
11039 11357 al
II359 1x363 11370 II373 1X375 11376 11380 11,381
1x385 11403
il 407 11411 1x414 1x4X5 11417
11419
11420 11422
11424
11425 11427
il 431 11433
1X434
11439
11441 1x444 il 447 11450 ii 45 2 xx<53 11461 11468 11478 11485 11489
11494
11139	11500
11140	n5°7 11142 115XX
11045
11047
al
11052
xio55
al
11061
11064
11065
11066
11069
11070 IIO72 IIO74 IIO77 I I08l I I086
11088
11089
11090 IIO94
al
11097 11099 al
ili 05 11107 11109 al
11125
11127
11128
al
11x36
11138
il 143
ii144 1
11351
11696
al
11907
11908 11909 11911 11914 11916 11919
11921
11922 11930 11939 1x940 li&42 H900 1195 1T966 11969
al
11980
11985
11998
11999
12000 12001 12004 12008 12009 1201 12016 12019
al
12022
12024
12025 12030 12034 12038 12040 1204 12044 12050 12052 12055
al
12060
12065
12071
12071
12071
12080
120"1
12‘j90
12099
12111
12112
12114
12116
12120
18121
U127
11699f12128
11701
H702
11707
12130
12134
12140
11711112142 11715 12149
al
15x5
11710 1171V 11722
11726
11727
11728 11731 11733 11739 11744 11747
11750
11751 1)764
12155
12160
12161
12168
12169
1217C
12172
al
12175
12184
12185 12198 12201 12212
117ì>5|12214 12220 12221 12222 12225 12228 12239 12265
12236
12237
12238 12244 12253 12255 12258 12270
al
12281 12285 12293 12.99 12300 12302 12309 12313 123)4 12316 12326 12330 12334
12344
12345
11756
11758
11759 11770 il777 11785 11793 117.99
11803
11804 11811 11813 11815 11817 11822
11830
11831 11833 11840 11844 11847 11850 11855 11864 11872 11877, 11881 11885
11887
11888 11889
11150 11517 11904 12369
12379
12380 12393 12395 12397 12402 12404 12407 12414 12421 12424 12441
12447
12448 12149 12461 12466 12485 12504 12507
12509
12510 12512
al
12516
12519
al
12522
15225
12527
12529
12535
12540
12545
12546 12552 12655 12557 12566 12570 12576 12580 12561 1251-2 12588 12604 12606 12608 126»9 12612 12613 12620 12625 12675 12685
12707
12708
12711
12712 12718 12719 12721
al
12730
12764
12765 12771
12776
12777 12797 12799 12801 12803 12812 12840
12853
12854 12856 12865 12868 12870 12906 12912
12921
12922 12924 12943
al
12946
12951
al
12960
12999
13000
13001
13002 13005 13007 13009
13011
13012
13013
13014 13019 13022 30026 13027
13029
13030
13031 13033
13040
13041
13045
13046
13047
13050
13051 13069
13066
13067
13068 13071 13074 13077
al
13080
13082
13083
13084 13067
13089
13090
13091 13098 13101
al
13104
13111
13113
13114
13115
13119
13120 131*6
13452
13453 13456 13464 13466 13470 13474
13486
13487
13488 13500 13003 13007 13510 13611 13613 13514 13516 13519 13522
al
13525
13527
13528 13531 13535 13546 13551 13655 13559 13563 13565
13128 13570
13131
13132
13133 13)40 13142
al
13149
13578
13579 13584 13693 13599
13612
13613
13157 13616 13161 13624 13167 12625 13170 13629
13171
13172 13640
13181 13184 ■ 3190 13191 13199 13201 13203
13206
13207 13209 13213 13215 13219 13225 13234 13237 13242 13250 13254
13261
13262 13265
13269
13270 13*72 13284 I3ò00
13303
13304 13306 1330» 13310 13312
al
13315
13637
13643
13646
13649
14025
14029
14030
14031
14032 14035 14038
14040
14041 14044 14046
14049
14050 14060 14062 14077 14678 14080 14087
14089
14090 14096 14102
14108
14109
14110 14112
14114
14115 14119-14122
14129
14130 14141 14144 14149 14151 14166 14170 14175 14180 14186 14193 14210 14214 14220 14223 14240 14240
13650114248
13661114249
13663114262
13678
13687
13693
14293
14300
14305
13701,14306
13707
13713
13730
13731
14310
14317
14318 14328
13753 ¡ 14333
13764
13767
13768
13769 13777
14340
14345
al
14348
4364
13780 14365
13783
13807
13813
13828
13831
13837
13840
14368
14401
14404
14408
14410
14414
14440
13842114441
138431x4444
13852
13860
13870
14461 al 14471
13871114415
13876
13318 13897
13323	13898
13324	13902
3325
13330
16331
13333
13336
13338
13359
13340
13346
13349
13355
13356 13373 13393 13399 13401 13407
13410
13411
13413
13414
13417
13418 13427
13430
13431 13434 13444 134601
13913
13919
13931
13933
13939
13946
13951
13955
13959
13967
13971
13981
13986
13990
13999
14000
14002
14003
14004
14006
14007
14009
14010 14012 14014 140J5 14017 14019 14022
14485
14504
14607
14609
14510
14511 14513
al
14518
14518
14521
14530
14531 14535
14540
14541 14544 14549 14565 14667 14570 14577 14590 14594 14599 14612 14644 14649 14651 14679 14685 1469» 14707