1004
GACETA DE LA HABANA
ADMINISTRACION CENTRAL DE CONTRIBUCIONES, IMPUESTOS Y PROPIEDADES.
FISCALIZACION DEL IMPUESTO SOBRE CONSUMO DE GANADO-1888 á 1889.
DISTRITOS MUNICIPALES.	JULIO.		AGOSTO.		SETIEMBRE.		OCTUBRE.		NOVIEMBRE.		DICIEMBRE		ENERO.		FEBRERO.		MARZO.		ABRIL.		MAYO.		JUNIO.		TOTAL A1UAL.	
	Pesos.	Cs	Pesos.	Cs	Pesos.	Cs	Pesos.	Cs	Pesos.	Cs	Pesos.	Cs	Pesos.	Cs	Pesos.	Cs	Pesos.	Cs	Pesos.	Cs	Pesos	Cs	Pesos	Cs	Pesos.	1
HABANA			39284 1008	25 72	' 38486 1065	87 53	36910 973	62 25	41331 898	19 80	42105 805	97 87	43473 138	28 47	43257 723	22 78	39475 661	32 «1 90 16 46 13 30	43547 729 1003 2091	22 47 81 56 06 72 15 25	•39644 655 927 1902	38 34	42880 756 1014 2359 104 81 281 148 . 30	26 28	40756 790 1008 2532 108 74 209 141 20	05 84 63 49 76 79 18 01 04 95	491162 9307	63 96
	974	87	1042	85	1046	53	1054	62	1004	69	1030	22	1»06	18 90	920 1883 99 67					75 50 62 81 06 72 87		35 53 18 64 50			12036	40
	2165	50	2427	28	2300	81	2299	32	2512	25	2730	93	2601												27897	23
Santa María del Rosario..	m 57	94	122 64	12 81	112 66	56 50	112 70	83 50	110 70	03 28	110 78	12 84	114 74	40			111 72 201		95 68 235						1322 847	68 42
	212	9 i	211	21	200	78	209	40	207	09	197	78	185	56	171										2522	92
	71	69	75	81	77	12	103	88	75	40	81	84	85	75	103	96	146		150			03 19 62			1261	46
	24	16	28	68	24	31	24	14	34	12	38	15	37	75	25	75	24	78	26						328	94
	12	81	15		14	25	A	44		09	3	18							1 14 154	78 87 18 84 34 63 44 79 43	1		5		65	
				10					11				13	06	19	81 98	28	22 87			17 204 76 19 481 90 43 23 22 416 901 199 135 578 194 27 221 39 657 63 40 56 26 181	85 66 53 05	21 259 40 15 439 80 47 25 20 370 834 170 137 482 196 25 187 66 636 59 37 38 24 177 8	81 94 31 33		
	15	47	17	90	10	25	15	35		37	17	37													203	33
	148	16	152	40	142	62	160	63	152	22	158	18	158	09	136		144								1972	93
San Antonio de Río Blanco	16 17	19 91	13 18	71 09	9 17	65 87	21 13	48 30	18 17	53 69	28 14	42 84	43 17	28 56	35 15	49 33	35 17	47 21	38 14						372 198	90 52
	346	28	363	34	415	84	460	47	406	37	391	94	360	37	3)5	20 15	3b 1 82	34	445 79			94 93 37 20		99 71 10 85 29 62 02 98 90 31 76 13 19 66 32 36 19 76 46 93 51	4788	71
	93	19	97	68	90	78	83	57	90		100	03	78	47	67			15							1034	10
	47	56	44	91	40	06	51	62	45	69	43	56	44	15	44	bb	40	22	34 22						527	69
	27	97	26	84	28	90	20	96	19	93	20	72	19	34	17	21	19	81							273	16
San Antonio de las Vegas..	31 385	41 87	34 363	56 94	32 405	53 09	26 426	85 30	17 439	62 09	20 471	12 87	19 433	34 09	19 S97	19	21 448 678 154	18 68 56 40 03 46 53 62 84 84 53 06	19 371 877 184 127 447 192 23 2U9 33 619 58 42	10 53 28 31 19 81 66 94		02 79 43 31 54 78 78 09			284 4929 8789 1957	21 87'
Santiago de las Vegas.......	664 124	91 56	818 148	56	879 153	50 43	689 152	79 43	611 144	90 62	625 173	bó 97	623 209	18	585 141	50 74										72 31
	128	03	135	13	124	28	117	43	78	44	75	88	72	bb	68	4b	76 513 164 21								127(1 6108 2111	87
San Antonio de los Baños..	448 167	31	462 172	19 75	446 191	06 66	453 235	02 32	574 168	31 53	625 142	12 50	588 148	78 53	48« 136	87 05 33										71 28
	21	37	11	22	18	34	24	30	22	53	22	06	21	78	19										258	71
	183	53	214	22	234	09	243	76	200	62	211	21	243	43	229 30	96 23	266 31 669 66			47 47 25 90 87 09		81 75 78 75			2646 471 7618 665	12 65
	38	28	41	75	41	97	45	21	34	56	53	68	34	25												
Güines			527 48	47 62	653 51	56 82	675 50	97 75	672 48	37 06	623 50	97 53	639 50	31 37	Ò23 58	97 22	619 59	lo 25										68 63
	37	53	37	72	33	33	35	66	34	53	42	93	36	93	37	90	40					90 47 22			456	65
	- 27	69	31	15	101	59	63	10	63	37	54	56	50	09	40	95	46 * 23 170	59 47 06	47 17 162						(WO 84 229 21 2156 68 166 57	
	9	81	12	12	17	06	20	25	18	50	19	93	20	75	19 173 158	39 65 06				25						
Madruga				201	09	. 194	91	197	25	179	70	168	72	167	75	181	15												
Pipián		 Nueva Paz			 Isla de Pinos.:.1.....			"l63 187	50 91	"”l58 189	OH 68	’ 167 175	94 22	197 165	85 06	196 162	68 65	215 161	09 31	2«4 166	96 41	245 141	20 59	27 i 159	06 96	216 149	65 34	185 167	94 16	165 170	87 49	246877 1996 78	
Totales		48043	47	48006	50	46428	76	50732	96	51,304	,76	53011	18	52627	28	47680	91	52481	18	48398	36	52731	63	50389	53	601836152	
MATANZAS				5076	31	5058	78	4977	64	ifj 5493	05	5442	09	5546	09	5340	81	4943	14	5466 81 29 138 215 29 392 592 334	75 44 68 12 06 56 84 97 89 43 28 06 1Ô	5047 79 38 138 177 26 356 714 362 2495 41 100 80 25	31 25 53 09 38	5500 76 38 142 193	34 68 44 81 12	5163 88 39 134 173	20	63055 901 V 431	51 87
	63	40	63		69	31	72	09	68	03	80	78	82	89	77 26 127 202 20	93 53 59 78 96 20 22								02 70 12		
	35	44	29	59	41	88	44	12	43	9Ò	40	88	’ 23	qS												
	117	43	130	73	149	50	1Ó8	91	149	59	152	50	148	78												
	150	90	133	38	170	03	186	22	188	94	204		200	31											ZLvo	
	12	41	6	31	15	47	11	28	12	59	15	09	2	88						UO	445 732 387 2761	98 87 10 85 06	<S¿ 378 743 363 2518	39 54 19 49		
Alfonso 			. 258 413	25 47	244 440	81 65	289 592	22 92	283 615	81 55	347 579	06 50	377 5Ö0	50 65	. 462 595	50 15	410 523 328					44					7134	14 81
	278	62	285	26	316		325	17	606	591	316	68	354	34						72 18					33439 642 1147 928 292	
	2712	41	2687	68	2796	05	3224	67	3099	37	3130,	22	2790	81	2440	84 90 71 14	2782 97 98 75									95 43 60, 99
	55	34	54	91	56	63	58	03	47	84	52	93	47	09	25 85						00 112 115 30	iy 81 97 06	OU 106 62 19			
	96	44	92	18	93	28	98	13	86	59	89	47	88	bb						31				13 16		
	55	06	53	91	69	50	85	24	73 28 1004	53	91	34	92	18	74											
Lagunillas..-. • -			19 897	72 06	23 897	78 13	25 1009	13 24	26 1075	38 32		84 09	26 986	72 37	Alt 969 76 103 455	03 75 68 93 68	262 68 94 425 241 995 209 46 128	OI 03 92 98 55 09 53 03 77 84	864 83 110 464 273 1155 271	40	797	62	904	28	838	58	11105 920 1136 5052 2378 11499 2416 670 1863	87 03
Macagua.		 San José de los Ramos		61 105 354	09 25	59 105 369	32 81 84	76 100 372	31 43 40	75 101 448	28 19 19	7b 98 511	06 78 44	73 99 531	12 81 58						(H> 59 47 34 22 33	si 76 402 191 1029 214	oZ 63 87 50 53 59	74 479 195 1150 225	38 41	74 236	31 69		09 12 86 88 28 65 Í.í
Palmillas		 Jovellanos		132 672 102	59 66	174 646 99	19 44 34	161 768 148	61 91 16	164 876 204	28 47 73	183 1017 222	23 46 03	2U9 75 1065 97 . 259 40		260 1070 242 63 159	75 71 59 96								81 85	íyi 1050 216	20 47		
El Roque			31 160	44 13	30 154	65 40	44 147	08 54	42 143	72 65	62 147	56 97	66 161	1» 09					oy 141	bU 87	44 145	OU 69	187	19	175	26		
Totales		11861	42	11842	09	12491	24	13814	48	13787	08*	14168	12	13653	561	12383	99	13777	28	12656	55	Ì3979	27	12771	03	157186	
SANTACLARA		 y Esperanza					2088 275 483	78 66 34	I 2074 300 492	44 34 03	2012 289 462	22 82	2244 268 464	12 59 97	2131 274 448	47 34 19	2169 303 470	25 68	2056 300 493 239 21 83 2552 239 • 112 • 70 167	53 40 43 40 59 47 34 18 75 18 81	1909 277 449 226 19 82 2250 224 112 70 143	09 09 12 08 16 66 56	2048 293 486 231 18 124 2625 238 112 63 149 460 1360 1940 1267 127 485	56 94 15 40 53 81 09	1979 277 464	84 78 59 59 84 69 84 06	2098 291 487	82 63 87	2098 271 482	31’ 89 33 48 67 60 04 02 54 79 69 61 10 95 22	24911 3425 5683, 2779	43 06 67 72
Ranchuelo	-		242 26	41 06	247 25	69 34	234 7	22 16	234 18	40 53	224 20	37 97	237 21	96 15							23 92 2084 230		26	60	27		256 1046	47 44
San Juan de las Yeras......	72 2335	90 53	75 2346	03 75	77 2314	88 93	81 2548	50 10	82 2498	78 41	79 2431	96 40									2187 240	38 06 16 67 97 09 60 28 62 63 63 57	2334 227 212 40 .138 462 1309 1852 1226 106 336 694 644 181 4981 771 392		28510 2325	09 91
	237	22	249	59	249	81	230	35	230	28	230	25 78 34 69				66 81 09 15 34 73' 17 75 81									1460	47
Ceja de Pablo		 Rancho Veloz.....		112 59 236	75 25 78	113 59 224	87 78	112 60 225	81 47 12	112 54 226	69 94 07	111 66 209	78 56 37	112 68 152							zo 12 47 62 06 03 03 25 66	57 133 458 1327 1859 1187 • 115 415	28 47 04 56 78 22 12 59	73 146 486 1399 1964 1233 113 374 660				745 2143 5441	28 31 03
Santo Domingo	 Trinidad ••••• 			447 1548 1910	46 90 06	449 1550 1912	09 09 12	438 1449 1947	92 26 10	460 1587 1950	78 13 16	445 1615 1942	50 59 34	441 1635 1943 1384 121 408	90 15 34 34	462 1554 1900 1359 119 363 £52 551 204 5381 743 385 499 110 120 696 424	87 62 15 90 75 75	427 1261 1812 1234 137 385										17598 22934 15706	25 86 40
Remedios			 San Antonio do las Vueltas	1357 139 374	06 65 62	1351 121 412	66 78 44	1358 114 444	79 94	1440 123 449	31 37 62	1306 120 420	87 75 28														19 01 35 53 13	1461 4851 7677	08 69 34
	595 456	28 78	645 479	35 84	685 457	90 60	677 476	78 12	658 480	15 87	667 477 184 5353 747 579	72 43 43 68 50 72 23 15 12 47		15 72	587 479	y«> 17	. 596	22	576 1ÛÜ	78 25	662 187 5140 695 411 465 1Q4 202 715 438	60 69 57 75 -(8			6339 2079	09 90 53 90
	149	03	131	19	147	90	138	88	165	28						ri <								28	60775	
	4908	81	5074	35	4944	15	5115	50	5030	91				y 7	4750	¿0	02)0/	KO		16 25				50	8721	
	707	72	750	06	750		749	97	736	97				*>y	bol 201 447 110 339 720 415	uy 90	i 10	15 87 28 78	394 447 120 178 678 423					01	4974	96 31 38 >3 28 16 58
	443	36	447	62	443	22	445	56	4.35	87				72 12 37 53 68								53	465	28	5278	
Palmira 				55 Camarones				411 110 180	96 22	414 110 61	17 22 19	392 110 340	59 25 56	390 110 177	87 18 12	395 lió 185	78 38 82	457 110 274					09 69 53 63	110 191			13 28 37 36		88 97 >6 59	109 265 6T0 424	71 53 78	1326 2516 8373	
Rodas	 Santa Isabel de la&Lajas...	662 693	81 97	677 420	75 50	677 421	78	680 422	97	666 426	06 81	720 420						428	78						59	5062 254905	
Totales		20968	29	21218	28	21170	40	21879	58	21441	75	22203	64	21857	97	19946	63	21840	51 I	20182	32	21257	58	30938	[3		