986
GACETA DE LA HABANA
Números Pesos premiados. oro	Números Pesos premiados. oro	Números Pesos premiados. oro	Números Pesos premiados. oro	Números Pesos premiados. oro	Números Pesos premiados. oro	Números Pesos premiados. oro	Números ‘ Pesos premiados. oro	Números Pesos premiados. oro
1661	50	1189	 60	7324 T f t T... T cía	101 id	50	13053.		50	DIECISEIS MIL.	DIECINUEVE MIL.	20869	50	22451	50
1700	50	4500	50	7342 T. - 50	10157	50	13058.					50			20898	50 20932		50	22481	50
					16014	.50	19001	50		
1742, t	50	1690 60	7344 *A	1A1R1 50	i3083. T t	... .50				22491	50
1755	50	1693	 60	7345 5A	10904. 	50	13137		 .50	16057	...50	19023.		50	20936	50	22503	50*
■J778	50	1671	t.. 6(1	7350 5A	1 A9áQ 	50	13234	50	16099	>....50	19055				 .50	20967	50	22523	50
1786		 50	1698 ._ 60	7351 5A	1A969 ... 50	13240. r						50	16103	..50	19075	50		22527*.	50
1794	50	1619	50	7394	 50	10263	50	13243	50	16157	50	19086	50	VEINTIÚN MIL.	22534	500
1800	50	1706	 60	7401 50	1 0969	50	13293	50	16167		 .50	19089			50	21027..	.......;.50 21048	50 21064	50 21102	..50 21110	...50 21118..	...	50 21122	50 21123..	..	50 21145	...50 21161.		50 21174	50 21177	i	50	22555	50
1815	50	1712 50		10992 	50		16179			50	19091	50		22560.	50
1826	50	1715			50	7454 50	10310	50	13306.				50	16218	.50	19119	 50		22616	50
1838	50	1762	 50	7485 50	1 0363	50	13336	50	16222	50	19158	50		22636	50
1897	50	1800 	 50	7555 5A	10361	50	13366	50	16309	50	19224		 .50		22650.	50
1925	50 1960		50 1961		50 1963.		50	4801	50 4824	50 4835	...50 1871.T T..T, .50	7560	50 7567		50 7568		50 7587 50	10372	50 10406	50 10493......	50 10607			50	13407		50 13415	50 13424	50 13429	50	16333	50 16352	50 16379.	50. 16461...		50	19252	50 19266.	50 19270..	..50 19284	50		22658	50 22662				50 22663		50 22672..	50
1975	50 1988	50	4917	50 1990.'. . 60	7631	50 7545 50	10512	...50 10522	50	13462	50 134671,, 			50	16483	...	50 16556 • 		50	19322		50 19323			50		22674	50 22682	50
1995	50	4978..		 -• 50	7653	50 7734 t 50	10534	50 10551	50	13518.		50 13544	50	16567			 .50 16568		50	19371	50 19378 	50		22693	50 22720	50
DOS MIL.	CINCO MIL.	7742 50	10552	50	13557	50	16594	....,50	19449	50	21180		 .50 21191.	.....50 21207			50 21227...,.......50 21238	50 21251		50 21294	50	22796	50
	5003.......,...50	7756	50	10556	50	13562	50	16617.	50 16632	50	101^1 . PiA		22828	50 22841	50
9001 c,n								
		7765...	50 7780.		50 7818	50 7826	50 7831 50	10666 60	13689 . .... 50		19453..		500 19466..	..	..50 19547	.50 19596..		50		
2027	50 2033...:	50 9081 60	5041					 50 5056	50 5067	.50		10572		 .50 10583	50 10606 		 . 50	13627	..50 13630..	50 13679. 	50	16639				 .50 16644. •. *	50 16658.				50			22843	50 22866	50 22911	50
2092	50 2157	50 2170		50 2171		..50 2183	50 2903 T , , T	50	5132	.....50		10662	50	13700	50	16690	50			
	5171	a........200 5172		5,000	7859..	....	50 7881	50 7905..	.........50 7910	50 7980..	.50	10683...........50 10684	50 10692	50 10711	50 10713	..50	13701	..50(f 13722.	50 13730	50 13739...	50 13759			50	16705...........50 1671 A f\í)	1 yO¿¡)........... OU 19641	50 19719	50 19743			.50 19778		50	21318..........750 21319	50	VEINTITRES MIL.
	5173 a	.200 5209	50 5212	50 5227	50				16744	50 16748	50 16758	50		21352....:	.50 21355	50 21373		50 21374		50	23063			50 22067	50 23068	50
2221	.50 2251	.,..50 2309	..50 2312	50 2315	50 2387	50 2400	50 2407	50			10723	...50 10742	50 10760	50 10791	50 10793.,	50 10809	50 10844	50	13761	50 13800	50 13852	50 13870.	.50 13943	50 13994	50		1Q818	50		23104	50 23129		50 23141	50 23155	50 23158	50 23166	5(1 9391A	50
	5248	50 5262	...50 5277	50 5319	50 5328	50 5403	50 5421	....50 5441	50				16770	7	50 16788	50 16790	50 16826	50 16868	50 16880	50		21399	50 21527		50 21536	50 21537....	50 21561		50 21562		50 21592	50 21759	50	
		OCHO MIL.				19857	.50 19888	50 19909	50 19964.						50 19988......	56		
		8042	50 8048	50 8124	50 8178	50						
		8192	50 8240	50 8243	50 8248	50 8253		50 8267	50	10854	50 10881	50	CATORCE MIL.	16909	50 16912	50 16926	50 16974		50 16996	50			23222	50 23260	50
						VEINTE MIL.		
	5485	.50 5510	50 6693 6rt			14016	50 14026	50 14044...	50 14087	50			21769....	50 21786	.....50 91811 RA	
2415.			.50 2441	50 2454	50			10892	50 10923	50 10928	...50 10970	50			20009	50 20015	50		23279	50 23306	50 23336	......50 93386 	50
2495..		50 2546..	..	50 9600 	50	5552		50 5560	50					20072		50 20078	50 20086	 ...50 20099			50	21851	50 21878.	50	
		8316	50		14098	50	DIECISIETE MIL.			23462	50
2644	50	556o.	50	8325	50 8344	....50 8404	 50 8410.	50 8419	50 8427	50 8435	50 8464	...50 8506.	.50 8513	50 8519	50 8550	50 8628.	50	ONCE MIL.	14150	50 14229.		50 14260	50 14274	..50 14285	50 14292	50 14303	50 14306	50 14313	50 14330....	50 14367	.'	50 14427	50 11190 ... 6A	17017..	...	50 17035	50 17057..	..	50 17145	50 17157	50 17169..	..	50 17179	50 17202.	50 17215	50 17228	50 17233	50 1795A		 50		21891...........50	23464	50
2691	50 2708	50 2721	50 2736	50 2775	 ....50	5671..	...	50 5681..	.	 50 5690	50 5787.	50 6RA9 6A		11049	50 11081	50 11169	50 11228	50 13246	50 11256	50 11295	50 11310	50 11312	50 11352	50 11354	50			20223	50 20303	..50 20321	50 20345	50 20350	.50		23482	50 23503.	50 23521	..50 23535	50 23557	50
							VEINTIDOS MIL.	
							22004	50 22043...		 .50	
2795	50	6QA7 6A					20382. 	50	22055.		50	23592....	50
2843			50 2855..	...	50 2922..	..		50 2957:	50	5828	50 5837..	50 5873	50 6099 6A					20384	50 20386...........50 20434	50 20442	...50	22063	50 22070	50 22085	50 22100	50	23650	50 23674	50 23704	50 23712	50
2984	50	5953	50 6Q76 6A					20445			50	22116	50	237.32	50
						20485	50	22135	50	23758	50
		8649	...50 8674	50	11468	50 11474	50 11505	50	14457	..50 1 4477.. 					50	17263	50 17311	50			
TR5S MIL.						20510	50	22175	50	23774	50
	SEIS MIL.					20511	50 20559	50 20652	50	22204	50 22230	50 22238	50	23780		 .50 23827	50 23856	50
3016	50 3059. 		50		8686 ^0		14508	50 14530...........50 14540	50 14585	50 14603	50 14609	50 14621	.60	17338	50 17356	50 17363..	.	50 17397	50 17469	50 17483..		50 17492	30			
	6015	50 6030	50 6058.	50 6059		50 6060		50 6085	 50	8893	...50 8905	50 8934	500 8951		50 8963	50 8998	50	11512	50 11521	50 11527		50 11538..	50 11561	50| 11573,	50					
3078	50						20664	50	22243..	50	23858	 	50
3126	50						20665	50	22276	50. 23877		50	
3132	50						20690...	50	22312	50	23890	50
3145	50						20712.....	50	22339	50	23918	50
3146	50 3152	50						20788	50 20797	50	22397		50 22401.			50	23929	50 23947	50
	6086	50 6122.	50		11758	50	14632	50 14641...	50	17494	50 17556	50			
		NUEYE MIL.	11759	50 11780	50 11786	50 11804	50 11813	50 11823	50 11845	50					
3189	50 3219	.50 3223	50 3236	50						20801	50 20840	50 20845	50 20851	50	22410	50 22427	50 22429	50 22436	50	23956	...50 23958	50 23970		50 23971		50
	6151...	50 6221	50 6239	50 6252	50 6270	50 6323. 50	9013....:	50 9017	,.50 9022	.50		14659		....50 14660		50 14665	50 14671	50 14673	50	17572	50 17592...	50 17603	50 17656.		50 17715.	....50 17748	500			
3292	50		9052	50				20866	50	22449	50	23989	50
3361	50		9067		 . .50						
3376.,,. r	50		9093		 .50						
	6324	50 6332	50 6387	50 6390	50 6412	.50		11853	50 11870		50 11909	50 11980	50	14708..		50 14717..		50 14727	...50 14754	50 14771..	..	50 14798	50	17909	..50 17938	50 17942	50 17956	a			 .500 17957		30,000 17958	a	500	PAGO DE PREMIOS. Desde el lunes 23 del corriente mes, se abonarán por las Colecturías pagadurías de esta capital, según lo indique el sello estampado al dorso de cada billete, todos los premios que no excedan de 1000 pesos, y en Provincias en la misma iorma y tan pronto como esté en poder de los Pagadoresla lista Oficial.—Por la caja de esta Administración« se abo-narán todos los que excedan de 1000 pesos« los que tengan el sello de venta directa y los demás que por comodidad del público se presenten á su cobro; en la inteligencia que dos días hábiles antes de la celebración de los sorteos, y dos después de verificado, quedarán en suspenso los pagos con objeto de formalizar las operaciones. Los pagos por la Caja de esta Administración se efectuarán de once á dos y de ocho á doce en Colecturías Pagadurías. COLECTURÍAS PAGADURÍAS DE 1.a CLASE. Número 1.—Teniente Rey 16, esquina á San Ignacio. » 2.—O’Reilly 74. » 3.—San Miguel 79. » 4.—San Rafael 1# entre Amistad é Industria. » 5.—Obispo 57. » 6.—Obispo 21. » 7.-—Mercaderes 22. COLECTURÍAS PAGADURÍAS DE 2.a CLASE. Número 1.—Mercado de Tacón 25, por Galiano. » 2.—Obispo, esquina á Bernaza. » 3.—Monte 224 (Cuatro Caminos). » 4.—San Rafael 20^. » 5.—Mercaderes 12. » 6.—Portales de Albisu, esquina á Monserrate. ADVERTENCIA.—Todos los premios que se satisfagan y correspondan al nuevo plan de oro, se abonarán sin descuen-		
3382	50		9106	50						
3403,		50		9109	50						
3413	50 3512 r,		 .50		9123	50 9124....	50						
8663 ..50		9137.	-tt,t 50						
			DOCE MIL.					
3558	50 3565	50	6488	50							
	6491	50 6512	50	9204	50	12012	50	14806	50 14809	50	17997	50			
3631 	50		9209	„...50 9216	50 9248		50 9249		50 9416	.50 9434	50 9436	50 9473..	..,	50 9493..	....	50 9502	50 9517.	50 9540	.50 9553	50 9577				50 9578		50 9582	50 9586	50 9608	...50 9637 6A	12050	50					
	6556..		50 6567	50 6579..	.	50 6613	50 6635	 50			14815	.50 14859	50 14917	50 14935	50	DIECIOCHO MIL.			
3667 	50			12055	50					
3674	50			12101	50					
3,jfti .... 50			12124	50		18121	.....50 18140	50			
3719	50 3765	50 3771 ....50			12126	.50 12135	50 12146	50					
	6666.		50 6677.	50 6678* * * 		50 6705	50 6723	50 6768	....50 6773	50			QUINCE MIL.	18142..	..	50 18208	50 18214			50 18229	50 18259			.50 18304..	:	50 18353	50 18375		 .50			
3803	50 3805	50 3843.	50 3868	50 3882	50 3891	50			12149	50 12153	..50 12183.....	50 12191	50 12244	50 12282	.....50 12287,	50	15000	50 15006	...50 15009.	50 15030	50 15040...'.	50 15080	50				
3892	50	6783	50 6801	50 6818	50 6865	50 6868	50			16AQ6 6A	183SQ &A			
3940..	50 3998	50			12300	50 12319	50	1510/8...,	.50 16116 6A	18393...	50 18AA6 RA			
			12349	50 12447	50 19/163 6A	1699A 6A	18409		50 18410		50			
CUATRO MIL.				15227	50				
4051...	50	6875	50 AfifiQ 5A	9648	50 9676	50 9744..	...50 9783	..50 qoflj i	12519		50 12534..	50 12609	50 12624	50 12645	50 12715	50 12732	.50 12743	50	15243		50 15327.		|V. .50	18417	50 18426		50			
4090	50 4105	50	6892....	50 6903	50 6961	50			15334	......50 15364	.50	18464	50			
4111	50 4126	50 4150		 .50				15486		 .50 15492	.50	18508	50			
	6984	50	9844	50 QR68 60			18544	50 18551				 .50			
4157	50								
	SIETE MIL.	9890		50						
4162	50					18566	50			
	7001	50	9921	:	50 9998	50	12796	50 12815	50 12864	50 12868		50					
4179	50				15597		 .50	18600		 T - 50			
4186	50	7007	50				18624	50 18633	 50			
4200	50	7029	50			15664	50				
		DIEZ MIL.						
4236	50	7046	50				18685	 50			
		10066	50	12875	50 12936	50 12939	...50 12943	50 12959	50 12983	50					
4263	50	7102	50			15673	50	18720	 50	to alguno.		
4300	50	7145	50	10071 a	100		15676.....	'. .50	18737	 50			
4365	50	7163	50	10072	2,000		15692..rT 	50	18759		 50	El sorteo prevenido en los artículos 59 y 172 de la Instrucción general de Loterías de 20 de Septiembre último, para adjudicar un premio de 200 pesos entre las 50 niñas de más edad de las acogidas en la Casa de Beneficencia de la Habana, ha tenido efecto en el acto del sorteo del día de hoy en la forma prevenida en la Instrucción, habiendo salido premiado el número 21. y que corresponde á la niña doña Angela García. El Administrador especial de Loterías, José de Goicoechea.		
4378	50	7186	500	10073 a	.100		15707.. 	 50	18803	 50			
4383	50	7212	50	10082	50		15740	.60	18841	 50			
4402	50 4417	.50 1426			 .50	7223	50 7225	50 7259 50	10083....	50 10105	50 10131	50 10135	50 10138	50		15761... i-	50 15798	50 15810	50 15895	50 15956	50	18843	50 18880	50 18884	50 18917	50 1 18926	50			
			TRECE MIL.					
4460	50 4478	50	7291	50 7321	50		13040	50 13051	..50					