140
GACETA DE LA HABAJNA
Administración especial de Loterías de la isla de Coba. LISTA de los números premiados en el sorteo ordinario, número 20, cuyo acto se ha celebrado el día 20 de Julio de 1897.			Números Pesos premiados. plats	Números Pesos premiados. plats	Números Pesos premiados. plata	Números Pesos premiados. plat i	Números Pesos premiados. plats	Números Pesos premiados. plata
			10008	 . 6f	10602 c.				6C	11268	60	14757	61 14780	6(	16165 c	60	18746.		6o
			10003 r. ÊÊÊ. 116C	10603 		60	11275			60		16166 c	6C	18786	....6a
			10004	c		60 10005	c.			60	10604			60 10605			60	11282			60 11319		 .60	14794	6C 14831	6f	16167	c.	6C 16168	c		 .61	18787..		60 18792..	.'.	500
Números Pesos premiados. plata	Números Pesos premiados. plata	Números Pesos premiados. plata	10006	c	60 10007	c.	60 10008	p 60	10606 		60 10607			6' 10608	p	60	11333	..60 11399	60 11417	60	14880	6C 14886	6C 14889	60	16169	c	60 16170	c	60 16171	c...	60	18804	60 18813	60 18824	60
			1 nono * fío	1 OfíOO p 60	11441 	fíO	14907	 60	16172 c	6(J	18840	60
DECENA.	3208	60 3237	60 3253	60 3306	60 3316	60	6719	60 6730	60 6747	60 6802	60 6806		60	10010	c	60 10011	c	60 10012	c	60 10013	c	60 10014	c	60 10015	p 60	10610	c.	60 10611		60 10611	c...	:60 10612	c.	60 10613	60	11493			60 11761	60 11766	60 11785	60 11817 	 fí 0	14914	60 14921	60 14924	60 14935	60 14986	60	16173	c	...60 16174	c	60 16175		60 16175	c	¿. .60 16176	c	60	18846	60 18871	500 18877	60 18972	60
65	60								
CENTENA.								
123	60	3335	60	6853	60		10613 p	60	11848	60		16177 c	60	DIECINUEVE MIL. 19C31	60
159	60	3338	60	6937	60	10016 p 60	10614 p 	60	11863	60	QUINCE MIL.	16178 c	60	
160	60 167	60 259	60 276	60 278	60 27Q .,	 60	QQH3 _. fíO	fíQ54 ... 60	10017	c	...60 10018	c	60 10019			60 10020			60 10021	c	60 10022	c	..60 10023	c	60 10024			60 10025	c.	60 10026	c	60 10027			60 10028	c	60 1 HA9Q /. fín	10615			60 10616			60 10617			60 10618	c	60 10619	c	60 infíoo o 60	11866	60 11889	.60 11900	60 11980	60 11983	60		16179 p fífl	
	3391	..60 3401	....60 3413		60 3414		.60 84*8	 60	6960	60 6977		60 6978		60 6986..	.60 6QQ1 . ...60				15044...	60 15048	60 15123	60 15179	60 15185			 .60	16Í8Ó c..	60 16181	c	60 16182	c	60 16183	c.........60 16184	c	60	19037	60 19062	60 19074		60 19146	60 19172	60
310	60	3461	60 3478 .. 60	6999	60		10621	c	60 10622	c	60 10623	c	60 10624	c	60 10625			60 10626			60 10697 p 60	DOCE MIL.	15196	60 15207	60	16185	c	60 16186	p 60	19200	60 19220.	60
358	60 364	60 396	60 448	60 491	60	3525	60 3529		60 3573	60 3582	60 3593	......60	SIETE MIL.			12039...	60 12044	..60 12066	60 12072	60 12088	60	15226..	60 15316	60 15344	60 15396	...60 15402	60	16187	c	60 16188	c	60 16189	c	60 16190	c	60 16191	c	60	19275	60' 19289	60 19301	60 19309	.60 19322	60 19331	60 19339	60 19378	60 19390	60 19419	60 19462	60
		7038		60 7039		60 7074	...60 7132......	60 7160	60 7165	60 7266	60 7324	60 7344	60 7519	..60 7526	60						
• 502	60 503	60 514...	60 -515	...60 540	60 573			 .500	3632	60 3715	..60 3767	60 3781	60 3809	60 3870	¥.60		10030			60 10031	c	...60 10032	c	60 10033	c	..60 10034	c		60 i nn36 /. fín	10628	60 10628 		60 10629	c	60 10630	c	60 10631	c	60 10639 p 60	12188	60 12220	60 12267	60 12303...	60 12371	60 12394	60	15405....	60 15474	60 15482	60 15598	60 15628	60 15634	60	16192	c	.60 16193	c	60 16194	c	60 16195	c	60 16196	c	60 16197	c	60	
621	60 639 	 60	3885.....	60 3Q11 . 60		10036 		60 10C37 		60 10038	c	60 10039	c	60 10040	c	,. ,60	10633 c	60	12514	60 12521	60	15641	60 1 6668	60	16198	c	60 16199	p 60	19478	60 19487	60
641	.60 654, , 	60	3952	60	7529	60 7539	60		lUPo4 C. ......... Ov 10635 		60	12599	60 12601	500	15662	60 1 5690	60	16200 c	60 1629.5 60	19526	60 19549		 .60
738	60 763	60 769	.60 773...	60 814	60 819	60 85R	60	CUATRO MIL.	7549	60 7599	60 7643....	60 7686	60 7719	;60 7728	60		lUOoO c 			 OU 10637 		60	12682	60 127)4	60 12718	60 12721	60 12723	60 197fí9 60	15728		60 15729		60 15756	60 15761	60 15788	60 15800	a	60 15801		1.000	16327....	60	19568	60 19626	60 19652	60 19655	60 19709	60 19781	60
	4010	60 4032	.....60 4C39	60 4046	60 4077	6C 4090	60 4101.	60 4129	60 4189..	60 4235	60 4264	60 4394 fín		10041	c	60 10042	c	60 10043	c	60 10044	c	60 10045	c	60 10046	c	60 10046	a	300 10047		...10,000	10638			60 10639	c	60 10640	c	60 10641..*	60 10641	c	60			16333....	60 16354	60 16361	60 16411	60 16428	60 16199 60	
		7779	60			12782	60			19821	60
869	.....60 882	..60 Q14.T,.T	60		7800		60 7828	60 7859	60		1Uo4¿ C.•••••••.OU 10643			í .60 10644	c.	...60	12784		60 12785		60 I27Q6	60	15802 a	60 15820	60 15898	 60	16505	60 16529	60 16679 60	19867	60 19920	60 19970	60
928	60		7876	60 7935	60	10048 a	300 10048 c	60 ionio n fín	iuo4o c		 ou 10646	c	60 10647			60 10648	r 60	12802	60 12886	60 12959	60	15914	60 15934...	60 15978	60 15998	60	16601	60 16614	60 16620	60 16649	60	19980	..60 19983	60
UN MIL.		7938	60						
1019 60	4392	60	7965	60 7969	60	10050	c	60 10051	c	60	10648 a . 200	12994	60			VEINTE MIL.
1064 	60	4428	60			10649		 4,000 10650	a	200	TRECE MIL.		16651	60 16690	60	20005			60 20020	60
						DIECISEIS MIL.		
1067 60	4573......	60	OCHO MTL.	10052	60					
	4588	60		10052 c	 fío		13037	60	16027	60 16082	60	16714	60	
	4636	60	8019	60 8029...	60 8080	60	10053 c...t.,.,,60	10650 c	60	13068	60		16758	60	20031		60 20068	60 20117....	60
	4708	60		10054 c	60	10651 c	60	1 3075	60		16773	60	
	4714	.'..60 4768	60 4809	 60		10055	60 10055	c		 .60 10056	e	 60	10652	c.	60 10653	c	60 10654	c	60		16087..	60	16780	60	
1123	60 1192	60		8086	60 8165	60			13108	s..... 60 13192 	60	16101	c	60 16102	c	60	16849	60 16892	60	20135	60 20145	60 20158	60 20190			60 20237	60 20247	60 20259	60 20319	60 20331	60 20333		 .60 20376	60 20442	60 20459	 50
1229	60 1270	60 1290	.60	4842	60 4890	60 4898	60 4940	 60	8176	60 8178	60 8226	60 8249	60	10057	c	60 10058	c	60 10059	c	60 10060	c	, 60	10655	c	60 10656			60 10657	c	60 10658	c....	60	13142	60 13154	60 13166	60 13174 ..60	16103	c	60 16104	c	..60 16105	c	60 16106	c	60	16911	60 16930...	60 16952	60 16966	60	
1415....•»••«..OU 1435	60 1614	60		8291	60	10061	c....	60 10062	c	60	1AfífíQ p 60	13188	60 13190	....60	16107 c	60	16984	60	
	CINCO MIL.	8299	60 8322	60 8331	60 8336 	60 8341	60 8483	60 8647	60 8726	60 8734	60		10660	C.........60 10661	c. •. 		60 10662	c	60 10663	c	60 10664	c	.60 10665	c	60 10666	c	60 10667	c	60 10668	c	60		16108	c	60 16109	c	60 16110	c	60 16111	c	60 16112	c	60 16113	c	60 16113	a	600 16114		35,000 16115	a	600 16115	c	60 16116			60 16117	c	60 16118	c	60 16119	c.........60 16120	c..	60 16121	c	60 16122			60 16123 c	60	16988	60	
1632	60 1634	60	5024	60 5033 fín		10063	c	60 10064	c	60 10065	c.			60 10066	c.	60 10067	c	60 10068	c	60 10069	c	60 10070	c	60		13207...........60 13238	....60 13286	60 13324	60 13400	60 13402	60 13493	60 13504 ...60			
							DIECISIETE MIL.	
1683.	60 1688 a	60	5061	60 5089	60						17020..	60 17028	60	
1689		1,000 1690	a	60 1707 60	5105	60 5112		60 5113		60 5115	60 5117	60						17051	60 17075	60 17084	60 17120	60 17151	60	20461	60 20519	60 20552..	..	60 20758..	.....;...60 90774 50
1736..	.	60 1859	60 1874..		60 1956	60 1959	60 1961	.60 1991	60 1999.	60		8735	60 8796	....60 8816	60 8829	60 8831	60 8850	60 8914	60 8919		60 8928	60 8936	60	10071 c	60	10669 c	60	13587 	60			
			10072	c	60 10073	c	60 10074	c	60 10075	c	60 10076	c	60 10077	c	60 10078	c	60 10079		.60 10079 c	60	10670	c		60 10671	c.....	60 10672	c	60 10673	c	60 10674			60 10675			60 10676	c	...60 10677			60 10678	c	60	13588	* .60 13640		60 13641				60 13674	60 13686	60 13710	60 13717	60 13739	60 13756 	60			
	5173..	60 5174	60 5206	60 5281	60 5283	60 5303	60 5344		60 5345		60 5417 c.í\						17215	60 17243	60 17264		60 17265		60 17273		 .60 17286.../	60 17289	60 17323	60	20808	60 20825	..60 20837	60 20842	60 20881....	60 20911	60 20928	60 20930	60
DOS MIL.								
2072	60 2078	60 2088	60 2144		60 2145		500 2184	60	5469....	60 5498	60 5547	60 5600	60	8939	 60 8944	60 8964....,	60	10080	c	60 10081	c	60 10082	c	60 10083	c	60 10084	c	60 10085	c	60	10679			60 10680	c	60 10681	c	60 10682			60 10683	c	60 10684	c	60	13773	60 13839	60 13846	60 13848	60 13938	60 13980	60	16124	c.;	60 16125			60 16126			60 16127	c..:	60 16128	c	60 16129			60	1736o			60 17394	60 17411	-..60 17482	60 17512	V. .60	20953.		60 20988...	60
								VEINTIÚN MIL.
		NUEVE MIL.						
	5615	60	9001	60 9052	60 9067	60					17556	60	21024	..60 21028....,	60 21071	60
2199	60 9990 fíO	5704....	60		10086	60 10086 c	60	10685	c.	60 10686	c.	60	13995	60	16130			60 16131	c	60 16132	c	60	17640	60 17704	60 17748.				60 17753	60	
2238	60	5748	60	9140	60	10087 c	 fín	1 AfíR7 p 	fíO	CATORCE MIL.			21100	 60
		9147	500	10088 c	 60	1 flfíftS r	60		16133 c			, 60		21101	60
2355	60 2380	60 94fí3 fífl	5858	60 5888	60	9165		60	10089 c	 60	10fíRQ p	60	14007	60	16134 c	 60	17759	60 17818	60 17878	60	21112	60
		9183	60	10090 c	 60	10690 p	60	14025	60	16135 c.....Tt. 60		21132	60
		9190	60	10091 c	60	10691 p	60	14031	60	16136 c	60		21197	60
2648 60	5090 ct\	9220 	 60	10092 c	60	10692 c	60	14068	60	16137 		60	17893	60 17933	.60	21292	60
2661 60		9293	60	10093 		60	1 069.3 p	60	14098	60	16138 c........ 60		21306	t 60
9677 60		9296	60	10094 c	 60	10694 p	 60	14106	60		17959	60	91317	 60
2581 	60	SEIS MIL.	9354	60	10095 c	60	10695 c	60	14119	60	16140 		60		21343	60
							DIECIOCHO MIL.	
2622	60 2658 	60	5000		60 6065	60 6087		60 6124	60 6163	60 6179...	60 6204	60 6228	60 6265	60 6315		 .60 6364	60 6395	60 6408	60 6411	9445	60 9463	60 9485	60 9516	60 9526	60 9551	60 9573	60 9701	60 9705	...60 9744	60 9771		60 9772		60 9815	60 9825	60 9832	60	10096	c	60 10097	c	60	10696	c	60 10697	c	60	14129....	..60 14178	60	16141	c	60 16142	c	60		21356		60 21357		 6Q
							18003	60	
2677	60 2686	60 2718.	.....60 2755	60 2758	60 2783	60			10098	c	60 10099	c	60 10100	c...	60 10107	60 10117	60 10122	60	10698			.60 10699	c	60 10700	c	60 10765	60 10786...	60 10908	60	14185	60 14325	60 14357	60 14360	60 14372	60 14398	60	16143			60 16144			60 Í6145 		60 16146 		60 *6147 		60 16148 		 60	18042	500 18068	60 18107	60 18185	60 18192		60 18202	60	21401		60 21402		60 21406.	60 21454		 .60 21467	60 21.601	 fío
2812	60 2817	60 2901		60 2918	60 2948	60 2972	60			10176	60 10208	60 10210....	60 10230	60 10268	60 10287	60 10294	60	10926	60 10935	60 10965	60 10980	60 10994	60	14458		60 14459		60 14476..	60 14506		60 14526	60 14534	60	16149	c	60 16150			60 16151	c	60 Í6152 		60 16153			60 16154			60 16155			60 16156			60	18237	60 18295	60 18314	60 18332	60 18357	60 18439	60 18448	60 18460	60	21541		60 21556	60 21574	60 21581....	60 21606	60 21660	60 21693	60 21706	 60
2980		60	6454	60 6458		 fín			ONCE MIL.				
		9833	60	10295		 60		14594	60 14602	60 14611		 .60 14655.		60 14666	60 14691	60 14707	60 14744	60			
TRES MIL.		9837	60	10317.	 fín	11003	60 11004..	60 11011	60 11042	60 11097	60 11099	60 11189	60				
	6474.... 60					16157 		60	18494	60	21760 fín
		9889	60 9900	60	10399	60 10502	 fínn					
3025..	60 3041	60	6481	¿O 6552	 fín					Í6158 		60 16159 		60	18506	60 18517	60	21755..	60 2180Q 60
		9954	60	10526	60 10535.		60					
3132	60 3165	60 3168	60	6612	.:::::eo 6624	60 6658							16160	c	60 16161	c	60 16162	c	60 16163	c	 60	18535	60 18613	60 1 629	60 8545 fín	21819	60 21863	60 21878	60 21887	60 21913	60
		DIEZ MIL.						
			10566	60					
3207		60	6685,.......,,.60	10002 c	60						
			10601 c	60 11213	60		14745	60	16164 c	60	18721	....60	