1194
GACETA DE LA HABANA
Negociado de Timbre y Lotería.—Lotería. Lista de los números premiados en el sorteo ordinario número 1477, cuyo acto se ha celebrado el día 26 de Junio de 1894.			Números Pesos premiados. oro.	Números Pesos premiados. oro.	Números Pesos premiados. oro.	Números Pesos premiados. oro.	Números Pesos premiados. oro.	Numeres Pesos premiados. oro.
			7442			100 7490	100 7528	100 7563	100 7630	100 7719	100	10801	100 10806	100 10814	100 10829	100 10920	100 10938	100	13905	100 13911	100 13927	100 13948	100 13955	100 13975	100	16734	100 16762	100 16777	100 16807	..100 16811	100 16820	100	DIEZ . Y NUEVE MIL.	21311	100 9.1343	mn
							19044	100 19052.....	100 19059	....500 1Q117 1AA	21380	100 21409	10a 21437	100‘ 21450	100’ 21466	10O
Números Pesos premiados. oro.	Números Pesos premiados. oro.	Números Pesos premiados. oro.						
DECENA.	2633	100 96*7. . 100	5009	100 *096 ..100	7741	100 7783	100 7792	100		13984	100	15871 100	19133	.100 19136	100	
				ONCE MIL.		16887	100 16893...	100		21479	10a 21514	100 21540	100 21569	10a 21574	100« 21591	10a
				l CATORCE MIL. 11090 10O 1				
47	100 61	100 71	100	2718	100 2746	100 2758	100 2766	100 2771	100	5031	100 5035	100 5057	100 5081	100 5146	100	7822.	100 7846	100 7893	100 7914	100			16900	100 16922	100 16959		100 15Q5A 1AA	19260	100 19281	100 19284	100 19348	100 19353	100	
				11082..	100 11088	100	14069	100 14073	100 14125			 .100			
				11202	a	200 11203		10,000				21621	10a 21665	100 21667	100 21692	100 21788	100 21819	100* 21845	100 21849	10a 21872	10O 21880	10a 21936/	10a 21983.	100 21990	10a
CENTENA.	2775	100 2834	 100	5180	100 5213	100			14144	100 14150	100 14168..	........100 14197	100 14209		100 14210		1Ó0 14212	100 14270..		100 14291	100 14295	100 14303	100 14317	100 14335	100	DIEZ Y SIETE MIL.	19354	100 19386	 100	
			OCHO MIL.	11204 a	.200 11004	100				
102	100 103	100 117	100 120	100 191	...100 204	100 255		100 256		100 298	100 313..	.	100 .339	100 367	100 393	100 404	100 407	500 441	1,000 459	..100 514	100 517	100 539	100 550	100 567	100 573..		100 579		500 *Q9 i no	2851	100 2861	100 2869...	100 2873	100 2883	100 2976	100 2980	>00 2983	100	•5215			100 5249	100 5273..	.	100 5279..	.	100 5290	100 5386	100 5395	100 5419	....100 . 5450	100 5466..	.	100 5513	100 5531..	.	.100 5550	100				17046. . i	100 17051 ......	500 17060	....100 17092	100 17094	100 17257	100 17264	100 1726(>	100 17304	100	19423.	100 19440..	..		100 19458	.100 19469	100 19473	100 19504	100 19513	100 19520.	100 19531		100 19562..		....100 19582	100	
			8001	...100 8015	100 8026	100 8030	100 8042	100 8046..........100 8053	100 8071	100 8073	100 8151	100	11206	100 11224	.100 11234	100 11246	100 11252			100 11267	100 11290....		.100 11339	100 11344	100				
	TRES MIL.			11349	l'l	100 11¿09 1 OO		17350..	....	100 17458		100 17480	100 17498	.....100 17519	100 17586	100 17594			100 17616	100 17625	100 17632	100 17637	100 17671	100 17719..	..	100 17746	100 17818..	.	100 17823	1U0		
	8096	 100		8156	.....100 8233	100	11410	100 11415	100 1Í454.				100 11475		100 11476		100 11520	100 11537.,	.,100 11541	..100 11569	100 11581		100 11598	100 11613	100 11616	100 11674	100	14338	.100 14374	100		19617	100 19655	100	VEINTE Y DOS ML.
	3030	...100 3061	100 3067..	..	100’ 3078	100 3080	100 3087	ICO 3111..	.., 	100 3117	100 3172	100 3180	100 3185	100 3207	100 3212	100 3248	100 3252	100 3322	500 8329	r	100	5571	100 5607	100 5634	100 5647	1*00 5660	100 5698	100 5722.	 ...100 5745	100 5763	100 5776	100 5845	100 5871	100 5920	100 5974	100 5983	100 5994	100	8276	100 8281	100 8303	100 8338	100 8345	.....100 8351	100 8368	100, 8377	500 8419	..5,000 8433.	....100 8458	500 8491	100 8540........^.100 8541	100 8606		100 8629.	100 8651	Tt ion		14387			100 14422	100 14443	100 14450	100 14466			100 14493	...100 14498	100 14512	. .100 14550	...100 14581..	..	100 14617	100 14665	V. .5/000 14669	100 14727..	...	100. 14729	...100 14758	100 14-769 100		19686..........100 19704	100 19761		100 19769	100 19866	....100 19882	1,000 19892	100 19912	100 19940	100 19956	100 19974		100	22020	10a 22037..	.	10a 22039	10a 22055	10a' 22113	10a 22170	10a 22213	100 22236	100 22263	10a 22338	100 22349	100 22358	10a 22384	10a 22411	100 22429..	'	100 22489	10a
603	100 677	500 711	.100 725	100 743	100 747	100 773	100 794	500 824		100 846	100 866	100 867	100 927	100 934	100				11698	a..	500 11699		50,000		17837	100 17856	100	VEINTE MIL.	
				11700 a	.500 11733	100 11759	100		17867	100 17916	100 17987	100	20034....’	100 20066	100	
	3337	100 . 3361	100		8667	100 8672.	100		14782	100 14793	100		20076	100 20105	100	22642	10a 22645	100
		SEIS MIL.		11784	100 11Q71 1nn		17995	100		
	3383	100 3439	100 3452	100 3455	1,000 3510	100 3*25	.100		8678	100 8692	100 8718			100 8732	100 8757	100 8807	 100	11880	100 11887..	........100 11907:	100 11909	100 11917	100 11951	100 11955..		100	14798	..100 14831	..100 14856	100 14877	....100 14889	...100 1 4-94.3 10O	DIEZ Y OCHO MIL.	20137	..100 20139	100 20200	100 20215	100 20267		100 20268		100	22707	100
		6012	100 6021	......100 6027	100 6047	100 6124	, 100 6127	100						22718	100 22813	100 22815	lOO 22827		500 22828		10O
						18000	100 18011	..100 18019	100		
	3564			100		8827	....100			18043			100 1805* 1 AA	20271	100	22913	lOO 22935lOO
	o571	li'U 3602	100	6143	100 6151		100 6152		100 6158	100 6172......	100	oo45			 100 8896	100	11985	100 11QfiQ 1 AA	QUINCE MIL.	18107	100 18110	.100 18121...	100 18129	100	20304	..100	22936	lOO
UN MIL.	3624	100 3628	1,000		8922	100 8974	100	11996		 .100	15008	100		20390	...100 20398	,...100	
								VEINTE Y TRES MJL-
1030	100 1066.		100	3665		.100 3666		100 3691	100				15094	..100 15115		100 1*133 100		20453	 100	
				DOCE MIL.		18154	100 18185	100	20466	100 20542	100	
								23004	.'...Toa
		6178..	....500 6185	100	NUEVE MIL.					
1078	100 1080	100 1100	100 1122	100 1221	100 1273	100 127Q Ifíñ	3702.	100 3728	.100 3733	100 3740.	100 3741	100 3760	100 3763 100			12015	100 12061	100 12087..	........100 12127	1,000 12178..	..	10Q 12351	100	15150.	100 15151	100 15155		 .100 15179	....100 15186	..100 15213	100 1*099 1AA	18187	100 18191	100 18289	100 18313	100 18394	100 18412	100 18420	100	20543..		100 20559	100 20565;	100 20601	100 20680..		100 20699	100 20712		 100	9309.8 10O.
		6201	100 6216	500 6224	500 6253...	100 6265	100 7283	100	9003		 100 9009..........100 9018	100 9025	100 9076	100 9115.	100 9139	100 9288	100 9327	100 9398	100 9438	..100 9451	100 9455	100 9465	.....100					23063	lOO 23073	lOO 23102...	10a 23185	100 23215	100 23235	100
1321 1 no	37R9 	100	6302	10Ó 6311	100 6331...	100 6333	....1,000 6340	.100 6397	...100 6413	100 6445	100 6451.				100		12400	100	1*99* 1 AA	18469	100	20785	100	23250	500
1328	 100 1381	100 1448	100 1457	100 1597	100 1601	100 1642	100 1645		100 1646		100 1661.		100 1664	100 1708	100 1788	100 1799....		100 1800	100	3792	100 3834	100 3900	100 3904	110 3963		100 3964		100			12536	100 12564	100 12592	100 12644	100 12674	100 12756	100 12770	100 12774	100 12801	100 12871	100 12965		100 12966		100 12974	100 12989		100	15254	100 15310	100 15322	100 15354		100 15355		100 15362.	.100 15426	100 15436	100 15439		..100 15440		100 15504....	.100 15539	100 15548	'....100 15561			.100 1**9A . 1AA	18486	100 18489	100 18494	100 18504	100 18528	10o 18587	100 18611	100 18616	100 18624	100 18628	100 18635	100 18640	100 18664	100 18672	100 18679	100	20792..	.	100 20802	100 20815..	.	100 20856		 10o 20873	500 20884			100 26886	100 20887;	100 20912	100 20939..		100 20950	100 20955	100	23286	100 23293	10O 23317....	100 23322	100 23391	lOO 23447	100 23522		lOO 23523		100 23612	100. 23620	100 23636	100 23650	100 23657	100 23674*.	10a 23739	100
	CUATRO MIL.	6491	100 6515		100 6516		100 6527	100 6547	100 6554	.		 100	9468.	100 9485. 100					
	4005..	..	100 4020	100 4051	1,000 4072	.100 4086	100 4096	100 4172	100 4188	100 4282	100 4323	100 4338	100 4342..	....	100 4358	100 4369	100 4397	100 4494	100 4498	100 4502	100 4561	100 4564	100 4569	100 4600	100 4641	100		9495	100 9499...	100 9593	100 9694	100					
		6596	100 6613	100 6657	100 6658.1,#,..T 100	9695	100 9701 1OA				VEINTE Y UN MIL.	
1877	100 1892	100 1912..	100 1977	100					15602	..100 15615	Í00 15690	100 15795	100 15801	100 15810..	100 15811	100 15854		100 15855		100 15881	100 15926	100 15965	100 15985'	100 15989	100 15997	100	18721..	.	100 18768.	100 18805	100 18820	10Ó 18836.	100 18857	100 18902	;.. 100 18921..	'	100 18945	100		23790	100 23802	100 23804	100 23810	100 23879	100 23892	100 23903..	100 23947	100 23987	100
			9757	100 9768	100	TRECE MIL.			21024		100 21061.	100 21119	100 21121...	100 21129	100 21158	100 21167	100 21263	100	
		6685	100 6693	500 6723	100	9771	1,000 9776	100 9861	'	100	13016	100 13071	100				
DOS MIL.		6752	100 6759	100	9886	100 9893	100	13079	100 13081	100				
2020	100		6771...	100 6797	 100	9900	100 9968 10O	13102	100 13118	100				
2034	100 2048	100		6905	100 6922	100 6931	100 6940 	 100		13122	100 13127	100		PAGOS DE PREMIOS. Desde el jueves 28 del corriente mes, se satisfarán por las Cajas de esta oficina de 11 de la mañana á 2 de la tarde, en la inteligencia de que dos días hábiles antes del próximo sor-ten se susnenderán con obieto de formalizar las ODeraciones.		
2083	100 2088		 ....100			DIEZ MIL.	13129	500 13195	100				
2130	100 2145	<...100 2151	100 2211				 .100		6962	100 6978	100 6996	100	10074	100 10078	100 10091	100	13297	;. 100 13323			100 13387	100 13407	100				
					DIEZ Y SEIS MIL.			
2227	 100			10093 	100	18484	 100				
2269		 mo	4648	100	SIETE MIL.	10110	100	18512	 100	16006				 .100	UKJJJtSJNIAClUJN <jJt,JN±SKAL Uü rAuUo. Desde mañana 27 quedará abierto en toda la Isla, el pago de la mensualidad de Abril último á las Clases activas que perciben sus haberes del Estado y la de material del indicado mes. Lo que se anuncia por este medio para general conocimiento. Habana, 26 de Junio de 1894.—Francisco Fontanals. Intervención general del EsUdo. Negociado de Reparos. En cumplimiento de lo dispuesto por el Excmo. Sr* Ministro Jefe de la Sección 3a de la Sala de Ultramar del Tribunal de Cuentas del Reino, se cita, llama y emplaza á D. Cipriano Fernández, Colector que fué dé Loterías del 49 distrito, óá sus heredeios, si hubiere Mlecido, para que		
2277	.100	4659	100		10170	100	13513	100				
2292	100 2311	100 2320	100 2333	....100 2368	100 2391	100 2405	100 2415..... .-...5,000 2421	100	4685	100 4722	100 4724	100 4727	100 4750	100 4756	100 4766	100 4806	100 4838	100	700Í 		100 7013	100 7030	100 7083	100 7116	100 7174	100 7201	100 7220	;.ioo	10234	..100 10240	100 10257	100 10272	.100 10283	100 10287	..100 10298	100 10407	100 10537		 100	13545	100 13563	100 13574		100 13575		100 13608	100 13622	100 13625	.100 13642	100 18643	 100	16007	100 16050	100 16085	....100 16158		.100 16207	..,..‘.100 16241	.100 16284	...100 16313	....100 16320 -	... .100			
2432	100	4855	100	7241	,..100	10564	 100	18645.... 100	1 634.0 	100			
2440	..100	4886	100	7248	100	10575	 100	1.3680 ■ * 1 nn	1 *390 	100			
2497	.100	4916	100	7264	100	10588... 100	13690 100	1 6391 	100			
2498	100	4920	100	7275	..100	10608	 100	13737 1AA	1 *4.4.9 	500			
2517..........100 2554	10C 2557	10C 2619	10C		7286	..100 7371	100 7375	100	10646	100	13795	100	16473			100			
	CINCO MIL.		10691	100 10716	100	13805..	100 13823	100	16514	100 16603	100			
	5000	100	7405	100	10729	 , .100	13848 100	15659	100			
2632	10C		7412	100	10763	100	13889..	100	16680	100			