282
GACETA DE LA HABANA
Administración especial de Loterías de la isla de Cuba. LISLA de los números premiados en el sorteo ordinario número 4, cuyo acto se ha celebrado el día 9 de Febrero de 1897.			Números Pesos premiados. plata	Números Pesos premiados. plata	Números Pesos premiados. * plata	Números Pesos premiados. plata	Números Pesos premiados. plata	Números Pesos premiados. plata
			8955	50	12225	50	15743. fiO	16886	c			 .50 16887	c	50 16888	n fiO	19304	50 19320	50	22098	50 22111	50 22114	50 22130	50 22152	50» 22160	50
			8962	50	12236	50 12294	50	15764	50 15791	 50			
Números Pesos premiados. plata	Números Pesos premiados. plata	Números Pesos premiados. plata	NUEVE MÍL.	12314	50 19316 fin	15827	....50 15933	50 15937...	50	16889	c	:.50 16890	c	50 16891	c	50	19400	50 19429	50 19526	50	
			9028	50	12335	50				
DECENA.	2729	50	SEIS MIL.	9042....-	.50 9046	...50	12359	50 12375	50	15944		 .50	16892	c	50 16893	c	50	I9545....'	50 I9556	50 1 9fifi7	 50	22172	50 99903 en
14	50	2798	50 2851..	50	6015		, 5o	9104	50	12395	50 12437.		50	DIECISEIS MIL.	16894 c	50		22237	50 22255	50 22264	50
			9146	 50					
22		50	2854..	50	6060	.5(1	9148	50	12475	50	i¿093 en	16896 c	 50		
23	50	2879	50	6072.				 .50	9189	50	12484	50	ifiOfii fin	16897 c	, 50	IQfiQQ fin	
50	50	2988	50	6102	 50	9195		 50	12494	50		16898 c	 50	1Q63Q en	44oU5. 			50 22328	50 22354	50
59	50	2994	....50	6106	 50	9209	 50	12532	50		16899 fio		
89	50		6107	50	9224	50	12541	50	ifiifiA fin	16900 c	50	1Q67Q fin	
97		50	TRES MIL.	6113...	50	9240	50	12551	..50	15130	 50	16902 fin	19690	 50	44o9U.... 		5U
		6160	50	9241 	50	12582	50	16966 . fin	16Q13 en	19701	 fiO	22437		50 22509	50
	3050	50							
CENTENA.		6167			9306	50	12638	50	16321 	 fin	16Q51 fin	19716	 50	
	3052				 .50	6175	50	9309	50	12671	50 12716	50	16331 	T.. 50	16989 fiO	19759	50	
101	50								22523	50 22549	50 22563		50 22696	50
	3061	50	6212			9317	50		16372.... fiO		19820	50	
135	50	3088	50	6244	T. t. 50	9337	50	12746	50	16330 en	DIECISIETE MIL.	19876		T fiQ	
271				50	3135	50	6250.		50	9392	.50	12801	..50	16400 en		19916	 50	
295		 .50	3180	50	6251	50	9415	50	12825	50	16491 	t.tt 50		19920	50	
327....50 355	50 362	50 370	50 409	50 415	50	3264	50 3321	50 3324	50 3336.			.50 3346	50 3379	50	6385	a	200 6386		6,000 6387	a	200	9416	50 9443	50 9479	50 9508	50 9563	50 9614	50	12852	50 12864	50 12946	50 12967	50 12990	50	16599		50 16601		50 16602		50 16646	50	17007	50 17009.*.	50 17048			50 17073..		50	19938	50 19949	50 19967	50 19976	50 19983.	50 19989	50 19996	50	22730		50 22731		50 22739	50 22747	50 29768	 .fiOi
		6409	 50			16676	50 16679	50	17088	50		22776	50
						17145 en		
452	50	3380	50	0442	50 6471	50	9625...,	50	TRECE MIL.	16712	50	17162	50		22788	50
522	50 532.	50	3390			 50 3423	50	6505	t 50	9628	50 9647	50	13023	 fin	16724	50 16745... 50	17173	50 17197	50 17216			 .50	VEINTE MIL.	22798	50
		6521	50 6532... 50						22836	50 22852	50
533	50	3470	50		9649	50	13193	50 13199	50	16768	.50 16783	50			
539	50	3510	50 3542	50 3562.		50		9662	50 9704	50 9708	50				20052	50	
						17276	 50		998fio en.
567	50 627	50		0044.... ,	50 6560 en		13239	50	16801 c	TTt, 50	17278	.50	20054	50	22908	 50
		6562		50 6563		50		13299	50	16802 c..	50	17311	50 17316 . fin	20050 fin	22934	50
592	50	3619	50		9755	50	13318	50			20060	 50	
768	50	3623....	50 3625.	50 3631	50 3641	50 3710	50 3788			50 3791	50 3795		 .50		9756...,	50 9791	50 9876	50 9907	50 9945		...50 9946		50	13329	50	16804 c fin		20069,.	50	22938 fiO
774	50 776...........50 782			50 882	50 894	50		Afilo en		13370	...50	16805 c	11T, 50	17338	50	20093	50	22940. %	T T 50
		6620.. 50		13386	.50 13405	50 13442	50 13485	50	16806 c	50	17372.	50	20136	50 20203	50 20237	50	22973	50
					16807 c	50	17436	50		22994		50
		6637	500 6665	50			16808 c	50	17445	...50		22995	T.. .50
					1680Q n en		20238.*...'	50	
899	50			9995	50	13495	50		17515.	 fin	20249	 50	VEINTITRES MIL.
913	50		6685			 11 50	9997	50	13613	 fiO	16811	c	50 16812	c	50 16813	c	50 16814	c	50 16815	c	50 16816	c	50 16817	c	50 16818	r fiO	17519	50 17601 fin	29257	.... .50 20284	 fin	
916	50	3825....	50	6801	50		13621	50				
• 927	50 928	50	3902	50 3906	.50	6813	50 6834........ 50	DIEZ MIL.	13788	50 13792. fin		17618	50 17643	50 17645	50 17672 fin	20298	50 20323	50 20824. fin	23046	50 23052	50 23062	50 23079	50 93088 en,
958	50	3955.'.		50	6848	50	10002	50 10041...	50 1OOQO fin	13800	 50				
987...........50	3956			 .50	6893	50		13802	50			2032750	
	3987	.50	6924	50		13852	50		17674 fiO	20340	500 20362	50 20384..'	50 20403.	50	
UN MIL.	3995..	50	6937	50	10123	50	13880	50		17683	50		23155	, 50
		6942	50	10165. 50	13938	50		17687	 50		93164 fiO
1071	 en	CUATRO MIL.	6964		 .50	10166	50	13982	50	16820 r fiO	17705	50		23172	50
1073 en			10965 fin			177na 1 fin		93910 en
iu/o.......... ,50 1077.50	4020	50	SIETE MIL.	10271	50	CATORCE MIL.	16821 C.	50	17786	50	20451	50 20494..	50	23251	50
1120	50 1242	Ttt 50	4052	50 4116				 .50	7008	50	10297	50 10304	50	14057 	„50	16822	c	....50 16823	c	50	17798	50 17814	50	20512	50 20545	50 20563	50 20599	50	23263	•••• .50 23281	50
1306	,, f^}	4128	50	7009... i	50	10312	50	14069	 fiO	16824 r. 50	17820	50		23351	50
1311	 50	4130	50	7086	. .50	10331		 .50	14104..	.... fiO		17862	50		23374	50
1313	50	4150	50	7090		 ,. .50	10340	50	14138.....	50	16826 c	50	17889	50		93309 a en.
1314	 50	4163...,	50	7151	50	10352	i	50	14186..A 		50	16827 c	50	17898	50	¿Uoo5		 .50	
1330	50 1331...	 50	4179	50	7228	50	10387	50	14221...	50	16828 c	50 16828 a	500	17916	50	2U659	50	933Q4 a en
	4196	50	7267	50	10404	50	14246	 fiO		17925	50	¿UOOO. i.	50 20723	50	23437	50 23463	50 23487	50 23501	50 23508	50 23512	50 23525	50 23530	50 23536	50
1348	50	4230....	50	7281	50	10418	50	14283	50		17952	50		
1377	 so	4234		50	7315	50	10466	50	14312....	50		17962	...50	40 /¿O........... 50 20728	50	
1378	50	4254	50	7322	.50	10566	50	14319	 50	íooou a	DUO 16830	c	50 16831	c	. .50 16832	c	50 16833	c	50 16834	c	50 16835	c	50	17981	50		
1409	50	4305	50	7380	50	10599	50	14322	 50		17983		50	61)757	50	
1427	50	4339	50	7393	50	10634	50	14349	7... 50		17989	50	4U7V1	..50	
1456.	,...50 1458	t .50	4352	50 4355	50	7435	 50 7460	50	10653	50 10681	50	14386	50			40/9/	.50 20835...	50	
						DIECIOCHO MIL.		
1464.... f 50	4406	50	7487	5 c	10697	50	14409. 50			4092/ 		50 20964	50 20996		50 20997	fiOO	
1468	50 1517	so	Ü95 en	7490	a	100 7491		 3 ooo	10710	50 10786	50	14431	50 14445	50		18040	50 18048	...50		
	4467	50				16836 c	50			23549	50
1531	50	4502	50	7492 a	100 7505	50 7512	..50 7553				 ,50	10791	50	14455	fin	16837	c	50 16838	r fiO	18078		 .50 1 8088	 -ao		23611	50
1597	50	4511	50		10849	50	14477fio				
					16839	c	50 16840	c	50 16841	r. 50		VEINTIÚN MIL.	23639	50 23702	50 23711	50
1651	so	4527	50		10903	50	14531		 50		18102	 fin		
1677	'	so	4542	50		10906		 . 50	1454450		18134	50 18153	50	21026	50 21044	 fin	
1701	so	4582	50		10984	50	14546	50				
								93793 en
1744		 .50 1809	t 50	4587.	50 4596....... i... .50	.50 7600	50 7650	50 7689		50 7701	so	10988	50	14547	50 14616 fin	16842	C	50 16843	c	50 16844	c	50 16845	c,			50	18171	50	21058	50 21077	50	23727......	50 23743	50 23754	50 23760	.50
1862	50	4696	50		ONCE MIL.	14627	50		18212	 fin		
1871	50	1756 en			14649....	50		18248	50	2U08	50	
	4783		11111 en		16846 c		 .50			
ftooo.5U 1916	50	4816.	 		500	7734	50 7744	50	11126	50	1475o........... 50 14778						 50	16847	c	50 16848	c	50 1 684-Q r en	18309	50 18327	 fiO	21124	50 21218		50 21219		50	23822	50 23824	50 23851		 .50
1918	50	4837...'	50		11149	50	14797..	..	.50 14807	50 14808..	.	50 14825	50		18443	50 18450	50 18502	50 18544	...50		
1923		500			11198	50 11219	50 11226	50					
	4855	50	7799 en			168fi0 n en		21272	50	23909	50
1943	50 1953	....50	4873	50 4946	50	7840	50			16851 c.........50		21288	50 21310.			50	23932	50 23942 fiO
	4971	..50	7873 e^	11271	50 11275		50 11276		50	14829	50 14898	50 14905	50		18574	50 18592	50 18597	50	21314	50	23979	í	50
DOS MIL.	4976	50	7912. en			16854 r fiO		21333	50	23981	50
	4980	] 50						21340	50	2-3QQ9 fin
2002	 50		OCHÓ MIL.	11291	50 11293		 ...50	14933	50		18602	50	21344	50	
201A en	CINCO MIL.			14946	50		18642		50	21399	50	VEINTICUATRO MIL.
2035	...50 2072	50 2075..		....50 2098..	...	50 2121	50 2201..		50 2213.	.50 2216	50 2289	50 2296	50 2367	50 2387	.50 2404	so 2419	50 2421.'.	so 2426	50 o43« cr		8006	50 8023			50 8055	50 8112	50 8177	50 8179		50 8219.*	50 8237..	.,	50 8242	50 8276	50 8340	 50 8873	50 8382	50- 8399		 8617..	.	50	11463	50 11480..		50 11486	....50 11575	50 11602			 50 11605	.....50 11661	50 11666	50 11691	50 11696	.50 11715			 .50 11795	50 11842..	..	50 11848	50 11873..		50 11874 	 . finn	14977	50 14996	50 14999	50	looo/ c. 				50 16858	c	50 16859	c	50 16860	c	50 16861	c.........50 16862	c	..50 16863	c	50 16864	c	50 16865	c	50 16866	c	50 16867	c	....50 16868	c	...50 16869	c....	50 16870	c	50 16871	c	50 16872	c	50 16873	c	50	18644		50 18694	50 18750	.50 18762..		50 18765			50 18771	50 18789	50 18,806	50 18844	50 18889.,		50 18905	50 18917	..50 18936	50	21405	’... .50 21407	50 21422			50 21472	50 21496	50 21501	50 21516	50 21586	50 21612			50 21633..		50 21650	50 21674	50 21676.	50 21700..			 .50 21711	50 21804	50	
	5006	50 5015	50 5049	„50 5076.••••••....50 5221		500 5224	50 5312	50 5377	50 5400		 5447	50 5496	50 5558	so 5590		 .. 5o 5612	...50 5677									24004..		50 24007	50 24050	50 24053..	..		50 24065	50 24129	-	50 24138	50 24195	50 24232	50 24237	50 24266	...50 24276			 .50 24280	50 24299	50 24322	50
				QUINCE MIL.				
				15066..	.	50 15083	,....50 15085.	50 15087..	.	50 15088	.50 15104..	,	50 15126..	.........50 15134	50 15149	50 15196	50				
						DIECINUEVE MIL.		
		yó28	50 11893... . fin						
2444	5( 2477	5( 2509	5( 2515...."..	5( 2530	5(	5700	so ' 5717			8642	 11966	 fin		15246.			50 15265.				50	16874	c	50 16875		 50	19014..	........ .50 19034	50 19063..	.1	50 19130	50 19138	50 19145	50	41010..... 		50 21817	... .50 21824	50 21918	50 21984	50	24323	50 24325	T	50
		8652	 50	11971	 50					
	1 5764	 5o			15269.			50	16875 c.... t 50			24345.... 50
		8658		 50						
	5803					15273	50	16876 o...,,. fin			24359	T 50
		8670	50 8694	so	DOCE MIL.					
	• 5810	 ao			15280..	50	16877 c... t 50			24380	 50
	) 5820. en			15421 T en				
2534	5(		8697	so	12001	50			19154	50	VEINTIDOS MIL.	-44U4	50
2551..	5(	) 5877	 en	8733	50	12002	 50	15465........ fin		19156	50		
2567	5(	) 5894	 5o	8846	,. fin	12005		 .50	15510	 50	16881 en	19171	50	99091 fiO	94A3n - en
2569	5(	) 5909		8860	50	12089	50	15537		 50	16882 n en	19186	50	9903fi fin	
2642	5(	) 5932	 5o	8882		, fin	12107	50	15593		, 50		19191	50	99068 k fin	
2654	5(	5974	 5o	8890	 50	12167	50	15607.					50 15671	50	16884 c...	50 1Aftflfi en	101 Qfi	 50	22080	v.50 99089 fiO	24485	50 9448Q en
2682	5(	) 5995	50	?g07			12214	50			1 nono enn		
					50 12215	 fin		15690.		50	• 		 * 					24492	50
					loooo c	50 19221. 		5U		44U95	50	