554:
GACETA DE LA HABANA
Administración especial de Loterías de la isla de Cuba. LISTA de los números premiados en el sorteo ordinario nú mero 8, cuyo acto se ha celebrado el día 20 de Marzo de 1897.			Números Pesos premiados. plata	Números Pesos premiados. plata	Números Pesos premiados. plata'	Números Pesos premiados. plata	Números Pesos premiados. plata	Números Pesos premiados. plata
			7399	50	11065.			50	11984 c	50	14772	50	17529	50	20455....	50
			7424	50 7468	50	11124	.50 11143...	50	11985	c	50 11986	e	50	14777	50 14791	50	17530	50 17548	50	20503		50. 20550	50
			7619 	600	11161 60	11Q«7 n 60	1 47Q0 . T T	ñf:	17563	fin	20556.	50;
Números Pesos premiados. plata	Números Pesos premiados. plata	Números Pesos premiados. plata	7564	....50 7741	50	11166	50 11174	50	11988	c	50 11989	c	..50	14843	50 14855	50	17576	50 17599	50	20591	50 20690		 .50
			7750	50	11206	50	11990 c	50	14866			50	17670	50	20707...	.50
DECENA.	2234	c	.50 2235	c.	50 2236	c	50	3956	50 3073 fin	7819	50	11257	50	11991 c	50	14869	50	17718		 .50	20730	50
			7873 .. t	50	11273	50	11992 c	50	14914	50	17777	50	20778	50
				11278	50	11993 c	50	14915	50	17801	50	20815			 .50
20,,,,, tjQ								
			OCHO MIL.	11284	50 11286. .. . 50	11994 c	50	14944	50 149.6.6	.50	17809	50	20826	50 20848	50>
41	50	2237 c	50 993« r 50	CUATRO MIL.						
54.	...	50 95	50			8042. 		50 8043	50	11317	50 11322..	..	50 11396..	.. 60	11996	c	50 11997	c	50 11998	r .... 50	14970	50 14973	50	17828	fr... .50 17850	50 17001 .. fiO	20866	50 20888	50 20895				 50.
	2239	C	50 2240	c	50	4003	..50 4013	50						
CENTENA.	2241	c	50 2242	c	50	4146....	50 4165	50	8045	.50 «070 	50	11328	50	11999 c	50	QUINCE MIL.	17940	50 17QQ6 fiO	20923	50 20983 	 fia
				1 1 339 60				
144	50	2243	c	50 2244	c...	50	4176	50	8083	50 8092.	.50 8112	.50 8152	50	11342	50	DOCE MIL.	15041..	50 15048	50	17997	50	
154		 .50		4180	50 4212	50		11378	50				VEINTIÚN MIL.
	2245	c	50 2246			50					15072	50	DIECIOCHO MIL.	
1A9 fiO				11444 60	12000 c	50			
171 		 T . fin		4219	50		11 ¿74		 _ 60		15116	50		
201	50 277	50	2246	a	200 2247		7,000	4222	50 4241 	50 4290	50 4357	50 4381	50 4420	50 4468	....50 4473	50 4504	50 4522	50 4528	50 4563	50 4624	. .50 4636	..50 4653	50 4673	50 4715	.....50 4770	50 4794..	...	50 4817	50 4822	50 4881..	.	...50 4958	50 4988	50 4996	..50	8251			50 8252		50 «293	 50	11484	50 11502	50 11514	50 11562..	..	50 11564	50 11571	50 11738..	..	50 11771		.50 11777	50 11804	50 11839		50 11841	50 11892	.50 11901			50 11902	c.........50 11903	c......... 50 11904	c..	50 11905	c...	50 11906	c	50 11907	c.	50 11908	c	50 11909	c..	50 11909	a	500 11910		 30,000 11911	a	500 11911	c	50 11912	c	50 11913	c	50 11914	c	50	1203o	50 12042	50 19048.	 60	15125		50 15126		50 15136		 .50 15143	50 15158	50 15186	50 15225			....50 15239.'.	50 15289	50 15345..	..	.50 15384	50 15398	500 15465	.. .50 15466.		50 15517..	..	50 15522	50 15568	50 15607..	....	.50 15619	50 15669	....50 15699	50 15717	50 15756	50 15783	50 15796	50 15793	50 15800	50 15837	50 15852..		50 15863	50 15906	50	18056..	..	50 18110	50 18119	50 18249	50 18277	50 18285	50 18368		5< 18369		...50 18415.:	50 18416	50 18530	50 18443	50 18482	50 18498	50 18505	50 18559	50 18580.	50 18599	50 18670	50 18679	50 18693	50 18712		50 18793	..50 18797	50 18805	50 18853	50 18900..		50 18962	...50 18972	50 18998	50	¿1U41 			 . í)ü. 21045	50 21089	50
286	50 299	50 304	50 . 355..:	50 367'. r	..50 410	...50 435	50 452	50 476			 . 50 493	50 513		50 558		50 562	.....50 579	50 634	50 654	50 738	50 743..	.,	..50 784..	..	50 800.	50 812	.50 850	50 895		50 942.		....50 946	50 951.	50 963	50	2248 a	200 2248	c	50 2249	c	50 2250	c	50 2251	c	50 2252	c	50 2253	c	50 2254		50 2254	c	50 2255	c.;	50 2256	c	50 2257	c	50 2258	c	50 2259	c	50 2260	c	50 2261	c	50 2262	c....¿....50 2263	c..	50 2264		50 2264	c	50 2265			50 2266	c	50 2267	c	50 2268	c	.50 2269	c	50 2270	c.........50 2271	c	50 9979 r fin		8302	50 8342	50 8360	...50 8367	50 8428		 .50 8434	50 8459	50 8481	50 8483	50 8524	...50 8527	50 8547	50 8571	50 8629		50 8630		50 8639	50 8663...	50 8674	50 8693	50 8702		50 8792	..50 8806 i	50 8829	50 8831		50 8860	50 8881	50 8915	...50		12077	50 12130	50 12132	50 ,12144	50 12165	50 12242	50 12371	50 12383	50 12546	50 12554	50 12556	50 12569	50 12593	50 12639	...50 12648	50 12671	50 12703	50 12767	50 12800	50 12811...	50 12825	50 12831	50 12842	50 12917	50 12925	50 12978	50 12998	50			21200	50 21236	50 21271	50 21292	50 21297	50* 21449	5?» 21472		50 21491		50 21522	 50 21540	50 21591..	..	50 21622	50 21632..		50 21648	50 21661	50 21669	50 21693	50 21714	50 21729	...50 21846	50 21*49	50 21851	50 21912.	50 21959			50 21976..	...	50
		CINCO MIL.						
		5013	50 5025	50						VEINTIDOS MIL.
								22057		 .50
UN MIL.		5039	50 5085	50 5117. f	50 5124		50 5125			50 5205 	50		1191.6 r. 60	TRECE MIL.			
	2273 c	50 9974 « «ÑO		NUEVE MIL.				DIECINUEVE MIL.	
				11916	.50		15907	50		22068			50
1021.			50 1024	50 1044	50				11916	c	50 11917	c..	50 11918	c	50 11919	c	50	13051	50 13076	50 13096	..50 13151	50 13180..	50 13189	50 13200	50 1 89.08	 60	15916	50 15928	500 15949	50 15970	50 15985	50 14993	50		22145	50 22157..	50 22176	50 22270	50
	2275	c	50 2276	c	50 2277	c	50 2278	c	50 2279		50 2279	c	*“.50 2280	c.........50 99«1 t- eo		9024	.50 9030	50 9067	50 9128	50 9148	50 9153		 .50 9171		 .50 9211	50 9224	50 9249	50 9259	50 9266	50 9450	..,.50 9467	..50 9481	50 9489	50 9582	50 9654	50 9669	50 9689	50 9721	50 9757	50 9836	50 9941	50				19013.	50 19019/	50 19033	5o 19035.....	50 19038	50 19044	50 19053	50 ioofi« fin	
1211	50 1213	50 191« * ceo		5214	.50 5243	50 5273 50		11920	.50 11920	c	50 11921	c	50				22292......	50 22314	50 22329	50
1237	50		5311		 .50		11922	50		DIECISEIS MIL.		22341... 		50 22392	50
1974 en	2282	c	50 2283	c	50 2284	c...	50 2285	c	50 2286	c.........50 2287	c	50 2288	c	50 2289	c-	50 2290	c.........50 2291	c	50 2292	c	50 2293	c	50 2294	c....	50 2295	t	50 2296	c	50 2297	c	50 2298	c	50	539Q 50		11922 c	50	13252	50 13317	50 13346	50 13350	.50 13370..;	50 13385	50 13399	50 13431	50 13507	50 13559	50 13626	50 13686	50 13689	50 13730	50 13732	50 13753	50 13763	...50		19066	50 19114	50 19127	50 19131	.50 19139		50 19140		50 19164	500 19193	50	
1293	50 1374	50 1 40A cía		5356	50 5385	50 5408	t50		11923	c	..50 11924	c	50 11925	c	50		16054	50 16079			50 16127	50		22473	50 22568	50 22584.				50
1460	50		5428	50 5446 . T 50		11926	c	50 11927			50		16170	50 16226	50		22607	50 22626	50
1475	.50 1487	50		5553	50 5604	50 5631 60		11928	c	...50 11929	c...	50 11930	c	50		16269..	50 16292	50 16295	500 16351	50 16402	50 16407	50 1 AillO fiO		22653	50 22659	50 22664	50
1592	50 1622	50		.6796 60		11931 c	...50			19203			50	22678	50
		5830 60		11932 c	„..50			19213	50	22834	50
		5876 50		11933 c	50			19218	50	22857	50
1661 fin				11934 c	50			19233	50	22897	50
		SEIS MIL.		11935 c	50		16425	50 16453	50 16471...	50 16532	50	19237	50	22942	... .50
iüAO en				11936	V'! .50			19261	50	22958	50
		6038	.50 6064.. 600		11936 c	T 60			19286	fiO	
lo4y. 		..50 1871	50 1904	50 1Q74 	50				11937 c	50			19302. 	50	VEINTITRES MIL.
				11938 c	50			19303	50	
	2299 c	50	6069	50	DIEZ MIL.		13794	 .60	16559	50		23059	50
				11939 c	50			19321	50	
					13799	a	100 13800		3,000 13801	a	100 *13870	50 13874	50	1A fifi Q fiO		
1986	50	2306	50 2343	50 2418	50 2433..		50 2458	50 2562..	.	50 2642	50 2660	50	6106	50 6184	50 6188	50 6280	50 6303	50	10012	50 10062..	..	...50 10079..		50 10096	..50 10155	50 10190	50 10202	50 10231	....500	11940	c	5.0 11941	c...	50 11942	c	50 11943		50 11943 c.........50		16582	50 16617	50 16649	50 16668	50 16677	50 16732	.50 16767		50 16768		50 16811		50 16812		50 16816	50 iaq«"7 en	19343	50 19392.....'	500 19470	50 19477	....50	23074	50 23087	50 23098	50 23162...	50 931«A fia
DOS MIL.								
2003		50 2004		50 •2006	50 2048	50 2121	50 2179	50 2201 c	50								
		6356 • • • 		50 6393			50 6400	50 6403	50		11944	c	....50 11945	c	50 11946	c	50 11947	c	 60	13895	50 13901	50 13904	50 13920	 .60		19499	50 19509	50 19636	50 19682	50	23187	50 23189	50 23270	50
	2671	....50 ' 2680	50 2765	50 2805	...50 2811	50 2893	50	6409	50	10251	50	11948 c	50	13928	50			23275					 .50 93988 fia
		6410	50	1 0969	 .60	11949 c		50	13942.	50		19739	50 1074« fin	23293	50 93399	 . fia
		•6478	50	10346	50	11950 c	50	13971	50			
		6494	50	10355.					50	11951 c	50	13981	50		1Q7«n fin	23349	50 93376	 fiO
		6548	50	10395	50	11952 		50	13994	50	1 Aftfi4 fin	10704 r. , fio	
2205 c	; _ 50			10417	5o	11953 c....	50		16872..... fiO	19814	50	23397	50
					CATORCE MIL.			
2206 c	50	2976	50	6597	50	10434	50	11954 c	50		16918	50	19824	50	23404. 	50
2207 c	50	¿yo/	50	6599.				50	10436	50 10447	50	11955	c	50 11956	c			 .50	14026	50	16940	50	18826.	50	23413	50
290« r 50	TRES MIL.	6611 fin				16QfiO fiO	10837	 50	23417	 50
2209	c	50 2210	c		50 2211			50		6644	50	10493	50	11957 c..j50	14063		 .50	16969	50	19906....	50	23418	50
				11958 c	50	14082	50			
	3055	50 3118	 50	6719	50 677.5 60				16977...	50 16990	 50	19934	50 19940	50	23420	50 23432	50
			10651	50	11959	c	50 11960	c	50 U961 c		 .50	14101	50 14123	50 14174.	50			
2212 c	50	3232	T *0	6871.. .60	10718	50			>6996	 50	19945	50	23433	50
2913 n en			10724	50					93457 fin
2914 r 50	ool4		 50	' 6Q9Q en	10735	50	11962 c		 .50	14307	50	DIECISIETE MIL.	VEINTE MIL.	93fi3ft. fio
2915 n eo			10770	50	11963 		....50	14314	50			
	oo//...........50 3391	50 3114 eo	6990	50	10771	50	11964 c.			50	14333	50	17009.	50	20008	50	23591	50 93fiQA fin
C		 .50 2217 c... 50			10789 a - 50	11965 c			 .50	14393	50	17018	50	20009	:.. 5C	
2218 c	 50	3433 en	SIETE MIL.	107Q0 1 000	11966 c	50	14399	50	17058	50	20017	50	
2219 c	 50	313c; en		10791 a 60	11967 c	....50	14464	50	17125	50	20023	50	
2220 c		 50	«4fiQ en	7018	50 7043..50	10795	50 10806	50	11968 c	50	14486	50	17189.'	50	20034	50	
2221 c	50	34AO ' en			11969 c	50	14488	50	17205	50	20081....		50	
2222	c	50 2223	c	50 2224	c	50	3461	50			11970 c	..50	14490	50	17254	50 17258	50 17260	50	20105	50 20179	50 20189	50	23648	50
		7070 eo 1081.5	 60		11971 c	50	14496	 50			
	3503			 .50	7080	50 7086	.‘50 7094	50 7100	50 7115	50 7233	50 7242	50 7253	 60	10839.. 60					23723	50
				11972 c	50	14514	50			
								93740 fin,
2225	c.		50 2226			50 2227			50	3612.		so		lUooJ 		5U 10901.. 60	11973 c			 . 50	14526	 .60	17291	r .50 17325		 .50 17355		50	20194	50 20200		50 20201		50	23801	50
				11974 c.			50	14598	50			
	3675	so		10939. 60					23810	 50
				11975 c	50	14614	50			
	3737								
2228 c	50	3746 en		1U941		50 10962	50	11976 c	50	14635	50	17369	 fiO	20226	5C	23896	50
2229 c.	50	3799	 50			11977 c..	50	14647	50	17390	50	20245				 .50	
2950 	50	3837	50 3864	 60		íuyoy				 5U	11978 c	50	14657	50	17409	50 17436	50 17445	50	20255 	 fiO	23978	50
2230	c	 .50 2231	c	50				11979 c.	50	14709	50		20257..	.	50 20366..		50 20381..	. fin	
		7259.::::::::: jo	ONCE MIL.					
	3892	50			11980	c		 50 11981	c	 50	14719	50 14722. V	50 14726		50 1 14749	50			VEINTICUATRO MIL.
V2232 c	50! 3908. ... 50		7371			 .50 7383	50	11016	50 11060.		 500			17448	50 17466...	.50 17508	50		
-2233 ...50Í 3950		.50				11982	c		 11983	c.	50			20451	50 20453	50	24113	..50 24186	50
