618
GACETA DE LA HABANA
Administración especial de Loterías de la isla de Cuba.
LISTA de los números premiados en el sorteo ordinario nú-mero 9, cuyo acto se ha celebrado el dia 30 de Marzo de 1897.
Números Pesos premiados. plata
DECENA.
30	 90	 99			50 .....50 	50
CENTENA.	
126			50
135			50
187			50
236		
258		
265			50
318		
321		
366			50
396		
424			50
427			50
512.7...		50
532			50
535			50
563		
576			50
583		
612			50
635			
637......		50
706		
725......		50
794			50
849			50
871			50
902		
926		
965		
DN MIL.	
1023		... .500
1032			50
1047		
1093			50
1100		..... 50
1126		
1129		
1190			50
1196.....		50
1216			50
1237 ....		50
1241...A		50
1261			50
1269			50
1311		...^.50
Ull			50
1412			50
1509			50
1560			50
1585...,.		50
1651			50
1707			50
1721			50
1791.. v.		50
1801			50
1815			50
1868			50
1878			50
1899			50
1903			*0
	
DOS MIL.	
2126		
2213		
2226.....	
2281			50
2300			50
2311			50
2353			50
2462			50
2515			50
2523		
2553		
2668		
2721			50
2755		
2785		
2786			50
2832			50
2837			50*
2867		
2932		
2938			50
TRES MIL.	
3109		
3140		
3167		
3177		
3181			
3186		
3189		
3216.....	......50
3303		
3315			50
3383		
3439			50
3456		
Números	Pesos
premiados.	plata
3644 iuxj		50
3647			50
3692			50
3709		
3717		
3740		
3788		
3829		
3838		
3848.. ..		50
3852			50
3910			50
3939			50
3963.....		50
CUATRO	MIL.
4016		
4077			50
4098			50
4112			50
4122			50
4162			50
4202			50
4220			50
4245			50
4299			50
4340			50
4385			50
4386			50
4435			50
4473		... *.50
4476			50
4488			50
4493			50
4530			50
4597				50
4616			50
4657			50
4794			50
4888			50
CINCO MIL.	
5032		
5033		
5056			50
5058		
5068		
5069			50
5086		
5106			50
5137			50
5203...		50
5254..		50
5266..		50
5285			50
5288..		50
5296			50
5361...		50
5408			50
5445			50
5448....			50
5451...		50
5458...		50
5461			50
5467		
5469		.... 50
5511		. .50
5530		
5541		
5560		
5569 a...	
5570		
5571 a...	
5572		
5614		
5630		
5645....		50
5696		
5706		
5796		
5799		
I 5802...	
1 5836...^	
í 5846		
1 5909		
SEIS MIL.
3469,
3522,
3551,
3561,
3634,
50
50
50
50
50
6001..
6011..
6062..
6084..
6193..
6223..
6342..
6409..
6462..
6488..
6495..
6559..
6568..
6583..
6584..
6589..
6597.. 6614. 6623.*
6628..
6665.. 6689.*
6718..
6724..
6752..
.50 . 50 .50 . 50 .50 .50 .50 .50 .50 . 50 .50 .50 .50 .50 .50 .50 .50 .50 .50 .50 .50 .50 .50 .50 .50
Números Pesos premiados. plata
6801,
6847
6871,
6878
6915,
50
50
50
50
,50
SIETE	MIL.
7022		
7057		
5067			
7077		
7079			50
7082		
7135....,		50
7158				50
7194			50
7213		
7226			50
7245		
7249		
7250		
7267		
7271		
7287		
7329		
7365		
7387		
7421		
7432			50
7445		
7448		
7485		
7527		
7529		
7541		
7564		
7616		
7649		
7716		
7721		
7722		
7729			50
7740		
7744		
7828		
7836		
7866.....	
7901		
7912			50
7919		
7938			50s
7960.....			50
7988			50
7999		.......50
OCHO	MIL.
8033			50
8069			50
8085.....		50
8123			50
8154			50
8193			50
8238			50
8241			50
8293.....	
8325		
8367		
8372		
8379		
8421		
8436		
8481		
8489		
8560		
8590		
8608		
8621		
8627.....		50
8666		
8716		
8777		
8794		
8832. ...	
8861		
8903		
8931		
8936.	
8968		
8972		
NUEVE	MIL.
9024		
9037.		
9045		.50
9056		
9062		
9066		
9110		
9114		
9176		
9196		
9245		
9305		
9337.....	
9428		
9433.....	
9464		
9516		
9519		
9533		
9551		
9577		
9678		
Números Pesos premiados. plata	Números Pesos premiados. plata	Números Pesos premiados. plata	Números Pesos premiados. plata	Números Pesos premiados. plata	Números Pesos premiados. plata
9684	50 9704		50 9705		T T 50	10300 		50 10302	50 {0339	50 10391	50 10473	50 IftRIR 	50	13685	50 13702	50 13707	50	17218	.50 17249	50 17270	50	20980	50 20996	50	23958	50 23975	50 23997	50
9752	50 9807	50 9812	50 9868	50		13792	50 13ft«7 . ... 50	17272	50 17.281	50	VEINTIÚN MIL.	VEINTICUATRO MIL. 24048	50 24071	50 24074	50 24117	....50 24125	50
		13905	50 13933	50	17302	50 17331 a	100	21019	50	
				21026	50	
9947		50	1HRA/f . . 50	13979	50		01 fM ,i 600	
9949	50 9966	50	10605	50 10609	50 10627	50 10644	50 10651	50 10686	50 10697	.50 10704	50 10708	50 10726	50 10747	50 10749		50 10750		500 10776	50		17333 a...*	100 17360	50	21049	50 21051	50	
		CATORCE MIL.			
		14000 	 50		21071	50	24170..		50 24199	50 24208..	..,	50 24215	50
DIEZ MIL.			1 7381 	 .60		
		1 4003	50	17505	50	21114	50 21125	50 21163	50	
10030	50 10035	50 10038	50 10040	50 10069	5o 10072	50 10120	50 10158	50 10187	50 10901 r 50		14055	Í..50 14058	50 14078....	50 14119	50 14233	50 14271		50 14272			50 14273		50 14295	50 1 /i 90« 50	17538..	.........50 17598	50 17650		 .50 17666..	-.	.50 17668	50 177^0 60		
				21179	50 21222	50 21233	50 21261	50	24218.	50 24238	50 24264	50 24308	50-
			17751	50 17895.,	50 17943		 .50 17968 . 60	21280	50 21291	50 21301	50 21328	50	24364	50 24370	50 24381	50 24396	50
10909 r 50	10794	50	143/15 50	17986 60	21344	....‘.50	24433	50
10203 c	50	10850	500	14401	50		21386	50 21397.../	50 21410	50	24452	50 24498...	50 24515	50
10204 c	50 10905 r 50	10909	50 10934	50	14460	50 1 A5A7 50	DIECIOCHO MIL.		
10206 c	50		14529		 .50	18076		 .50	21517	50	24521	5Q 24647	50 24663	50 24752	...50 24754	50- 24762	.50 24767	50 24795	..50
10207	c	50 10208	c	50 10209	c	50 10210	c	50	1UVOD	Oü 10961	50	14532	.50 14578	50 14633	50 14684	50	18084	50 18093.	50 18156 r	50 18195	50 18249	50 18264	50 18322	50	21544	50 21566		50 21567		50 21577	..50 21588	50 21597	50 21608	50	
	ONCE MIL.				
10211	c	50 10212	c	50 10213	c.. . . . , , 50	11012	1..50 11058	50 11065	50 11132	50 11147	50 11191..	50 11203	50 11298	50 11300	50	14726		 .50 14748	50 14751 50			
10214 c	 50		14705 50	18329	50	21643	50	24852	50-
10215 c	T 50		1470« 50	18370	50	21646	50	24873	50
10216	c....	50 10217	c	50 10218	c	 50		14865	.....50 14881...	50 14Q94 50	18373	50 18377	50 18510	50	21694	50 21734	50 21784	50	24900	50» 24940	50'
10219 c	50		1AQ«3 50	18519	50	21825	50	VEINTICINCO MIL.
10220 c	50			18527	50	21832	50	
	11320	50 11324	50 11426	50 11454	50 11494	50 11508	50				25011	50
10221 c	50		QUINCE MIL.	18539	50	21834..	50	
10222 c	50				21890	50	25018	50
10223 c	50		1.5035	50	18692	50	21912	50	25027	50
10224 c	50		15040	50	18697	50	21942	50	25030	50
10225 c	50		15046	50	18740.		50	21978....	50	
10226 c	50		15147 	50	18746	50		25098	50 25103	50
	11512	50 11518	 ....50			VEINTIDOS MIL.	
10227 c	50		15151 	50	18750	50		
10228 c	50		15213	50	18839	50		
	11553	50 11569	50			22003	50 99(\?0, . T	50	25117		50 25143	50
10229 c	50		15241 	50	18852	50		
10230 c	50		15303	50	18956	50		
	11616	50 11642	50 11671	50 11718	50 11751			50 11784	50 11802	50 11847	50			22022	50 22034	50 22082..	.	50 22096		50 22097		50 22137		50 22174.,		50 29.208 ....50	25176	50 25193...	50 25232	50 25264	50 25268	50 25299	50 25343		50 25344		50
10231 c	50		15327	50	18975	50		
10232 c	50		15460 	 50	18991	.50		
10233 c	50		15497			 .50			
10234 c	50		15515	50	DIECINUEVE MIL.		
10235 c	50		1551Q 50			
10236	c	50 10237	c	50		15539	50 15549	50	19012	...50 19036 609		
10238	c	50 10239	c	50 10240	c	50 10241	c.	50 10242	c	50 10243	c	50 10244	c	50 10245	c	50 10246	c	50 10247	c	50 10248	c	50 10249	c	50 10250	c	50 10251	c	50 10252	c	50 10253	c	50 10253	a	200 10254		7,000 10255	a	200		15553..	..	..50 15588	.50 15619	50 15652	50 156 2	50 15684	50 15696..	.........50 15781	50 15842	50 15879	50 15886	50 15941		50 15946..	.	50 15963..	..'...'....50 15968	50	19070	50 19095	5G 19103	50 19105	50 19107	50 19147	50 19220	50 19397	50 19399..	..	50 19403	..50 19427	....50 19457..	. i	50 19584	50 19622	50 19632			 .50 19652	50 19667	50 19683	50 19787	50		
	11863..	... A ....50 11900..	.'.	50			22275	50 22380	..50 22385	50 22408	50 22436	.50 22441	50 22465	50 22472	.*....50 22608	50 22676	50 22714	50 22724	50 22735	50 22738	50 22741	50 22750	50 22778	50	25366	50 25385	........ 50 25410	50 25491..	.	50 25526.		 .50 25528	50 25547	50 25550	50 25608	50 25612	50 25624	50 25535	50 25683..	..	50 25719	50 25735	50 25752..	..	50 25855.				50
	DOCE MIL.				
	12051	50 12063	50 12098	50 12137	.....50 12179..		50 12185	50 12223		50 12226	50 12250	50 12260	.50 12266	50 12270	T .50				
		DIECISEIS MIL.			
	12296			50 12301 50	16050	50 1 60RQ RO		22785	50 22800 50	25938...!	50 25969	50
10255	c	50 10256	c	50 10257	c	50 10258		50	12332...	50 12333	50 12352	......50 12434	50	16062	50 16092	50 16157		50 16158		50	19796	50 19807....	50 19893	50 19898	50 19941		..50 19942		50 19993	50	22828	50 22830	50 22865	50 22965	50	25973	50
					VEINTISEIS MIL.
					26004	50 26011	50 26046	50- 26058	50 26076	50
10258	c	50 10259	c	50 10260	c	50	12455..	.'	50 12469..	.........50 12477	50	16185..	50 16189	50 16206	50		22993		...50 22994		50	
10261 c	50	12546	50	16233	50		VEINTITRES MIL.	
			VEINTE MIL.		
10262 c.	_ _ ro	1 257Q	 50	16946	60			
10263	c	50 10264	c	50 10265	c	50 10266	c	50	12590	50 12601	50 12649		 50 12660.’. 		50	16264	50 16300	50 16318	50 16363	50		23001	50 23037	500 23096	50 23104	50 23165	50	26100.	50 26165	50 26272	50 26294	50
			20075....	50 20134	50 20162	50		
10267	c	50 10268	c.... 50	12666	......50 12798 50	16450	50 16694 	 60	20167	.....50 20219		 .60		26301	;...50 26327	50
10269 c	 50	12731 50	16631 	60	20233	 .60	23187	50	26340	50
10270 c	 50	127Q1 	50	1 6639	.60	20244	50	23194	50	26355.. /	50
10271	c	50 10272	c	 -50	12825	50 12827	50 12834..	.	50 12945	50 12987..	. f	50	16549	50 1666« 60	20275	50 20303	 60	23201	50 23259	50	26370	50 26388	50
10273	c	50 10274	c				 .50 10275	c	50		16577	50 16607		50 16608		50	20313		500 20373	50 20400	50 20443	50 20496	50 20502	50 20504	50 20523	50 20528...	50 20547	 . .50 20579			 50 20607	50 20614	50 20623	50 20630	50 20645	50 20703	500 20777 60	23299	50 23301	50 23310	50 23326	50	26401	50 26401	c	..50 26402	c	50 26403	c	50
10277	c	50 10278	c	50 10279	c	50 10280	c...	50 10281	c	 50	TRECE MIL.	16659	.50 16661	Ó0 16699...	50 16756 .		50 1A76Q 60		23330	50 23346	50	26404	c	50 26405	r	 50
	13027...	50 13067	50			23397		 .50 23454...........50 23475	50	26406	c	50 26407	c	50 26408	c	50*
10282 c	 50	13140 ... 50			23497	50	26409 c	 50
10283	c	5C 10284	c	50 10285	c	50	13144		50 13214	....50 13216.. 		50	16773	50 16775		 .50 j 16797 60 I		23500	50 23534	50 23538	50	26410	c	50 26411	c	50 26412	c	50
10286	c	50 10287			50 10288	c	50	13221 			 .50 13228	50 13261		 50	16817	50 i 16907	50 16Q67 60 1		23545	50 23559	..50 23612	50	26413	c	50 26414	c...	50 26415	c	50
10289 c	50	13319.....	50			23619	50 23638	50 23647	50	26416	c	50 26417	c	50 26418	c	- .50
10290	c	50 10291			50	13342	50 13354.... . .5(1	DIECISIETE MIL.			
10292 c	50	13397	 50	17032	50	20789. 60	23660	50	26419 c	50
10293 c	50	13432	 50	17061 	50 '	207Q7 60	23722	50	26420 c	50
10294			50 10295	c	50 10296			50	13456	50 13473....		 50 13485			 .50	17054	50 1 20844.	50 17119	50 ! 20858	50 17137	50 20902	50		23738	50 23771	50 .»««28	, r T,	50	26421	c	50 26422	c	50 26423	c	50
10297 c	50	13552					 5f	17147	50 20929	IT	.60		98Q20 ..50	26424 		50
10298	c	50 10299	c	50	13612	.50 13656	50	17154	50 20949	50 17188	50 20958	50		23936...	50 23952	50	26425	c.........50 26426			50