746
GACETA DE LA HABANA
Idministraeión especial de Loterías de la isla de Coba. LISTA de los números premiados en el sorteo ordinario número 11f cuyo acto se ha celebrado el día 20 de Abril de 1897.			Números Pesos premiados. plata	Números Pesos premiados. plata	Números Pesos premiados. plata	Números Pesos premiados. plata	Números Pesos premiados. plata	Números Pesos premiados. plata
			6834 r	50	8642 		50	12602	50	16613....	50	1$362 c.........50	21205	50
			6835	c. 		50 6836....'.	50 6836	p 50	8677	50 8722	50 8700 . . . .60	12627....*.	50 12672.	50 12698 .50	16653	50 16709	50 16760	50	18363			50 18364	c	50 18365	c	50	21210	50 21303	50 21372	.50
Números Pesos premiados. plata	* 1		6837 r	: ... 50	8813.	50	12793	50	16775	51	18366 c	50	21418	50
	Números Pesos premiados. plata	Números Pesos premiados. plata	6838	c	50 6839	c	50 6840	r.	50	8844	50 8874.		50 8886	50	12798	50 12805	50 12833	50	16776		 .50 16780...	50 16792	50 16796	50 16799	50	18367	c	....50 18368	c.........50 18369	c	50	21509	50 21535	50 21551	50
DECENA.	3265	50 3268	50	3840	50 3868	50						
			6841	C	50 6842	p	5f'	8902	..50 ■8004 	 50	12893	50 12902 	50		18370	c			 .50 18371	c	50	21573	50. 21611	50
51		50 52		50 78	50 95	50								
	3354	50 3371	50 3460	50	3902	50 3936	50 3943	50	6843 c	50 6843	a	100 6844		3,000	8919	50 8953	50 8963	50	12904	50 12973...	50	16829	50 16836	50 168.61	60	18372			50 18373	c	50 18374	c.	50	21620.	50 21634.;	50 21665	50
	3471	50				TRECE MIL.	16853.....	50	18375 c	50	21679	50
		CUATRO MIL.	6845 a	100					
CENTENA.	3485	50			NUEVE MIL.	13082 	50	16891	 60	18376 c		50	91693	50
	3501 c	50		6845 p 	 50			16922	60	18377 c.			50	91705	;	50
		4078	50						
				Q008	 60	13093	50			
134	50 146	50 158	.. .50	3502	c	50 3503	c..........50 3504	c......... 50		6846	c.				50 6847	c	50 6848	p	 50			16930	50 16942	50 16953 	 60	18378	c	50 18379	c	50 18380	c	50	21754	50 21760	50 91769	50
		4121...	50		9016	 60	13113	50			
		4152	50		Q018	 60	13170	50			
		4266	50		0024	 60	13177		 .50			
162	50	3505 c			 50		6849 p	 50				18381 c	50	9.1772	50
		4271		50 4272		50 4353.		50 4394	50 4431	50 4493	50 4529			50 4546	50 4568	50 4578		50 4600	50 4646	50		9064		50 9065			 .50 9066		50 9194	50 9205	50 9215	50 * 9270		50 9272....	50 9286	.‘...50 9330	50	13190	50 13196	50 13399	50 13405	50 13423	50 13430	50 13463	..50 13512	 ...50 13536	50 13574			50	DIECISIETE MIL.		
195	50	3506 c	50						18382 c	50	21784	.50
199	50	3507 c	.50		6851 c	 50			17040	 60	18383 c	50	21787	50
299	50 318	50	3508			50 3509	c		 . 50		6852	c	50 6853	c	 50			17054	50 17113.	50	18384			50 18385	c	.....50	21808	50 21887	50
333	50	3510 c	50						18386 c	50	21919	50
430.		50 500	50 575	50	3511	c	50 3512			50 3513	c .. . 	50		6855	c	50 6856	c	50 6857	c.........50			17216	50 17264			 . 50 17265		50	18387	c	50 18388	c	50 18389	600	21924	50 21943	50 21952	50
585....	..50 60] 60	3514 c	50		6858 c	.50 6860 n 50			17268	50	18389	c		 .50 18390	c	.50 18391	c	50	21982	50
609	50 635	50 650	50	3516	c	50 3517	c	50 3518		50		6860	c	50 6861	c	50 6862	c			 .50	9343	50 9373	50 9402.				50 9410	50 9433	50 9439	50 Q460 60	13579	50 13586	50 13626			50 13633	50 13688	50 13751	50 13775	50	17292	500 17317	50 17322	 50		VEINTIDOS MIL.
		4651	50 48X4	50 4887	50 4903	50 497!		500					18392	c	50 18393	c	50 18394	c	50 18395	c	50 18396	c	50	22081	50 22139	50 22145	50 22263		50 22277				 .50
655	50	3518 c	50		6863 c	50			17339	 50		
683	50 693	50	3519	c			 50 3520	c.	50		6864	c	50 6865	c	50			17343	50 17473		 50		
727	50 738	50	3521	c	50 3522	c	50		6866	c	50 6867	c	50			17399	50 17537	 50		
				9544	50 9611	50 9650	50 9746	50	13792			50 13799	50		18397 p 60	22322..		50 22341	50 22412..	.	50 22425	50 22429	50 22449..		50 22462	50 22471	50 22474	50 22490	50
		CINCO MIL.					18398	c.		50 18399	c.				50 18400	c	50 18423	50 18456..	50 18460	50 18541	.....50 18588	50 18608	50	
786	50	3523	c	50 3524	c	.50 3525	p. 60		6868 c	50			17614		 .50		
802	50 810	50 904	50 "967	50		5052.....	50 5125	50 5224	50 5227	50 5271	50 5303	50	6869	c	50 6870	c	50 6871	c	50 6872	c	50 6873	c	50 6874	c	 50		CATORCE MIL.	17638	..50 17724	50 17936	50 17949	50 17956	50 17973 60		
	3526			..50 3527	c	50 3528	c	 50			9766	50 9805	50 9827	50	14006	50 14025	50 14027	50			
UN MIL.	3529 c	50			9876	50 9915	50	14153	50			
	3530 c	50	5304	50	6875 c	 50		14176	50 14213	50 14219	50			
1024	50								
						DIECIOCHO MIL.		
	3531 c	50	5346	50	6876 c	50					
1164	50 1171 	50 H79	50 1192	.50 1297	50 1319		50 1385	a			 50 1386		1,000				DIEZ MIL.			18666	50 18743	.50 18748	....50 18777	.50 18921	-.50 18994.	50	22491..:..	50 22549	50 22576	50 22615	50 22632		50 22711	f.... 50 22749	50 22761	50
	3532 c	50	5355	50	6877 c	50			18012	 50		
	3533 c	50	5453	50	6878 c	 50	10020	50 10026	50	14238	50	18064 60		
	3534	c	50 3535	c	50	5466	50 5486	50	6879	c	...50 6880	c	50		14317	50 14335	50	18082	50 18106	 60		
	3536	c	50 3537	c	50	5562...........50	6881	c	50 6882	c	50	10063	50 10073	50 10091	50 10153	50 10205	50 10228	50 10280	50 10471	50 10534	50 10552	50 10559.	..,50 10577	50	14376			50 14407	50	181175	50 18119 60		
	3538 		50	5634	.	 T	50			14458	...50	18193 60	DIECINUEVE MIL.	
			' AQBJ r> RO		14476	50			
1387 a	50 1444	 50 1448	50 1461	50 1501	50 1513	50 1538	50 1566	50 1578	50 1587	50 1680	50 1688	50 1695..	50 1717	50	3540 		50	5758. 50			14491	50	lolou	50 18189 . 60	19088	500	22764	50 .22808	..50 22813...	50 22830	50 22833	..50 22861			50 22947	50 22978	7.50
	3541	c	50 3542	c	50 3543	r	50 3544	c.			50 3545	c	50	5759	50 5762	50 5788	50 5857	50 5874	 50	6886	c..	50 6887	c		50 6888	c	50 6889	c	50 6890	c	50		14496	50 14545	50 14564	50 14577	50 14581	50	18228	50 18243	50 18258	50 18301 c		.... 50 18309 60	19119.	50 19138	500 19148	50 19158	50 19162	*....50 19185	50	
	3546 c	50	5880 .. 50	6891 c		 50		14588	50	1 8303 60		
	3547			50 3548	c	.50 3549	c	50	5910		50 5911		50 5936... 50	6892	c	50 6893	c	50 6894	c		 50		14612	500 14637	50 14728...	50	i oJv/O C«««*««*« • jU 18304 c	50	19257	50 19308	✓	50 19313	50 19377	50 19388	50 19417	50 19432	50	
				10608	50 10617	50 10682	50 10699	50 10724	50 10749	50 10758..	50 10805		50 10809	50		18305	c	50 18306	c	50 18307	c	50 18308	p 60		VEINTITRES MIL.
	3550	c	50 3551	c	50 3552	c	50	5946	50	6895	C	50 6896	c	50		14753	50 14786	50			23048	50 93055	50
		SEIS MIL.	6897	c	50 6898		50 6898	c	50 6899	c	50 6900	c	50 6qoq 60		14790	50 14811 6(1	18309	c	50 18310	c	50 18311	r	»..50 18312	c	50 18313	c	50		23082....	50 23156	50 23196	50 23253	 ...50 23271	.50
1762	....50 1764	50 1768	50 1771	50	3554	c	50 3555	c			 .50 3556	c	50 3557	c	50	6004	50 6075	50 6105	50 6186	50			14898	50 14919	50 14958	50		19437	50 19455	50 19504,......... .*50 19559	50	
1784	50 1787	50	3558	c	50 3559	r	50	6200		50 6203.. 50	6914	50 6945	50 6963...	50 6974	50	ONCE MIL.	QUINCE MIL.	18315	c	50 18316	c	50 18317	c	50 18318	c	50 18319	c	50 18320	p.	50 18321	c	50 18322	c	50 18323	c	50 18324	c.	50 18325	c	50 18326	c	50	19583	50 1Q6Q6 60	23306	50 23312	50 23337	50 23341	50 23345	50 23413	50 23430	50 23456	50 23489	50 23526		50 23527		50 23528		50
1788	500	3560 c	50	6213	50		11000	50	15011	50		19632	 T t 50	
1860	50	3561 c	50	6240	 50		11009	50	15022	50		19641	 50	
1866	50	3562 c	50	6322.			50		11109	50	15077	50		19662	T. t. . 50	
1875	50	3563 c	50	6404	 50	0770	DU	11113	50	15097	50		1Q742	 50	
1900	50 1904	50	3564	c	.50 3565	c	50 3566	c	50 3567	c.		. 5Q	6412	50 6457	50 6472	50 6497	 50	SIETE MIL.	11142	50 11168	50 11216	50 1 1258 	 50	15209	50 15240 60		19756		 .50 19816	50 19818	50 198J7 50	
1924	50 1928	50			7061	50 7095	50 7124	50		15250	50 15257	50			
1931	50	3568 c	50	6509	 50		11269 	 60	15262	50		19920 60	
1982	50	3569	c..50 3570	c	50 3571	c..	50 3572	c	.'.50 3573	c.........50 3574	c....... .50 3575	c	.-50 3576	c	50 3577	c	50 3578	c	50	6550	50 6650	50 6687	50	7160	50 7187	50 7229.			50 7269	50 7284	50 7327 . *0	11286	50 11326	50 11334	50	15276	...50 15315	50 15327	 50 15372	.....50 15375	50 15463	5C 15517			50 15559	50 15644			50 15688	 .60		19936	50 19962	50 19972	50	
DOS MIL.						18327	c.........50 18328	c	50 18329	c	50 18330	c	50 18331	c	50 18332		50 18332	c..	50 18333	c	50 18334	c	50 18336 p. 60		23536	50
2062	50 2092	50 2131..4 ........50 2135	50		6746	50 6749...	50 6763	..50 6801			50 6802		50 6802			50 6803	r.. 50		11400	50 11486		 .50 11500		50 11501		50			19976	50 19995	50	23573	50 23575	50 23584	50 9363Q 60
			7344	50 7451	50 7473	 50 7480	50				VEINTE MIL.	
2138	50 2189	50 2259.....	50 2311	50				11512	50 11557		50 11635	50 11671..	50 11685 . . . 				 50			20150	50 20155	50 20189	50 20254	50	23647	50 23652.	50 23666	500 98714	50
	3579 c	t. 50	6804 r 50	7498	50		15721	 50			
	3580 c	.50	6805 c			 .50	7530	50 7550	.50 7553	50		15769	50			
2324		50 2325		50 2392....;	50 2443	50						18336	c	50 18337		50 18337	c		 .50 18338	p 60	20256	.50 20331	...50 20440	50 20464	50	23717			50 23725	'.	50 23745	.....50 98783	 .60
	3581	c	50 3582	c	50	6806			50 6807	p ... 50		11702	50 11735....	50 11739	50	15846	50 15867	50			
	3583	c	50 3584	c	 50	6808	c	50 6809			50 6810	c	50 6811			50 6812			50 6813	c	50	7638	50 7689	50		15887			50			
2506	50				11748	50 11749-	50		183.39 p	 60	20468	50	23791	50
	3585	c	50 3586	c	.50 3587	c	50 3588	c	50		7690	50 7801	50 7813	50 7828	.50 7892...........50		15920	50 15926	50 15964	50			
2556	50						18340 p 60	20481		 .50	93835 60
2598	50 2614	50 2617	.50 2685	50 2723	50 Ó796 r r\				11927	50 11940	50 11982	50		18341	c	50 18342	c	50 18343	c	50 18344	c	50	20486	a	50 20487		 1,000 20488	a	50 20508	50	23860	50 23862	50 23912.	50 23913	50
	3589	c	50 3590	c........t50	6814	c..	50 6815	r 50			DIECISEIS MIL.			
				DOCE MIL.				
			OCHO MTL.			18345	c	50 18346	c...	50		23937	50 23948	50
	3591	c	50 3592	c.	50 3593	c	50	6816 c.	50			16049 60		20515				 .50	
2738	 50		6817 c.........50		12010	50	16047	50		20551		 50 20560	50	
			8031	50					
2752....::::;;;^ 2790	 en				12077 . . 50	16085	50 16247	 60	18348 c	50		23967	.50
	3594 c....	50	6819 c.	50	8063	..50	12141	50			20565	50	
2826. ra	3595 c	50	6820..?	50	8093	50	12155.			50	16272 . 60	18349* c.				50	20581	50	VEINTICUATRO MIL.
2865 en	3596 c	50	6820 c	50	8112	500	12173...50	16286 60	18350 c.				50	20600	50	
2890 en	3597 c	50	6821 c	50	8141	50	12203 r	50	163Q8 60	18351	c. .i	50 18352	c	50 18353	c	50	20603	50	24032	50
2895		 2959	50	3597 a	200	6822	c	50 6823	c	50	8251	50 8286	50	12221	50 12259	50	16399	50 16445	50		20635				5o 20758	50 20846	50	24037	50 24045	50 24049	50
9083 en	3599 a	200	6824 c	50	8377	50	12279 ..T	 50	164.69 60	18354	c					 . ou 18355	c	50		
2984../.	.-..50		6825	c...'	50 6826	c	50	8387	50 8398..:	50	12368	50 193QO * 60	16477	50		90870 60	24056	50 24093	50
	3599 c	50					18.366 p	50		
						18357	c	.50 18358	c	50	VEINTIÚN MIL.	
TRES MIL.	3600 c			.50	6827 c,				50	8413	.50 ! 1 243Q so					24108..		50
	3669			6828 p 50	8467	 60		16553	50 16581 	 60			24111	T , , T -50
3052		50	3671	 50	6829	c	50 6830	p 50	8492	,.50 8698	 60	12513	50		18359	c	50 18360	c.	.-...50 18360 a	500	21054 	*. .50	24124	50 941 36	50
3053	50	3713	50							
				12519	50 12536		50 12537	. .	 50	16587	50 16593	50 16607 60		21099	50 21119	50 21127	 50	
3082	50	3752	50	6831 p 50	8624 60					9.4906 . . . . 50
3084	50 3101	50	3803	50 3813		 .50	6832 c	50	8626	50			18361	30.000		24258	50
		6833 c	50					21195	50	24265	50