GACETA DE LA HABANA.
775
ADMINISTRACION CENTRAL DE CONTRIBUCIONES, IMPUESTOS Y PROPIEDADES.
FISCALIZACION DEL IMPUESTO SOBRE CONSUMO DE GANADO.-1887 á 1888.
		JULIO.		AGOSTO.		SETIEMBRE.		OCTUBRE.		NOVIEMBRE.		DICIEMBRE.		ENERO.		FEBRERO.		MARZO.		ABRIL.		MAYO.		JUNIO.		TOTAL ANUAL	
DIS	;IT0S MUNICIPALES.	Pesos.	Us	Pesos.	Cs	Pesos.	Cs	Pesos.	Cs	Pesos.	Cs	Pesos.	Cs	Pesos.	Cs	Pesos.	Cs	Pesos.	Cs	Pesos.	Cs	Pesos.	Ls	Pesos.	Cs	Pesos.	Cs
HAI	31 SA		38640	58	39507	06	38129	B2	40805	85	41015	10	40997	06	40927	98	38155	46	38643	46	39450	71	39664	90	37932	24	473870	22
Mari	S3 .0'« 		*		853	59	916	78	936	62	956		883	03	842	37	795	03	736	22	710	97	757	15	815	56	360	78	10064	10
Regi		943		1151	34	lili	59	1074	66	1076	94	1133	98	1107	46	1093	84	1050	50	1056	50	957	37	919	45	12676	63
Guai	acoa	. ... 			2184	78	1926	22	2007	38	2152	06	2260	87	2133	69	2203	25	2018	75	2092	50	1950	84	1955	35	2109	56	24995	25
Sant» [aria del Rosario			127	36	133	55	162	18	152	43	131	77	103	52	103	05	106	52	109		110	94	111	84	101	26	1453	42
Man® a	 -				61	06	57	22	54	41	50	69	54	56	53	31	51	84	46	22	46	56	49	62	58	81	49	13	632	43
Jarn		240	84	252	31	209	91	211	32	226	56	232	09	218	75	192	19	207	34	190	22	220	09	210	13	2611	75
Agu» te				94	09	94	22	93	81	95	31	80	28	75	63	86	41	65	81	73	03	82	56	78	42	77	80	997	37
Baini'i			25	81	11	38	13	06	12	63	21	34	17	37	17	28	21	41	19	53	17	19	24	72	26	21	227	93
Caaifia s.			«		5	16	2	75	4	31	3	78	60	56	4	60	8	84	8	69	4	65	1	87	4	87	9	42	119	50
Jiba		10	50	6	44	8	37	7	75	13	94	9	81	13	81	10	50	6	97	7	46	7	75	16	60	119	90
San	« é de las Lajas		176		202	94	191	25	186	12	155	25	156	50	155	34	139	91	139	92	151	84	148	66	141	64	1945	37
San	1 ionio de Rio Bianco		26	53	8	81	6	81	8	25	8	75	14	78	13	50	15	13	14	75	14	31	13	09	26	94	171	65
Tapa 	 			18	12	18	13	14	16	9	81	18	62	18	84	11	62	16	66	19	50	21	47	16	34	15	29	198	56
Beji»; 					345	87	231	84	179	19	204	56	205	38	214		289	06	321	63	293	15	268	66	303	87	275	60	3132	81
Olito -n 		 ......		53	25	62	06	58	28	69	91	55	41	55	50	53	66	47	66	42	46	47	76	47	80	77	31	661	06
Safa	r ¡Upe		33	81	33	...	28	59	28	69	29	31	29	69	31	06	34	84	31	41	37	81	40	84	40	73	399	78
Lai S id		 -			22	31	25	28	22	47	26	69	25	62	25	13	25	84	25	13	26	34	25	53	26	78	27	16	304	28
Sali	1 itonio de las Vegas		 ...	10	63	13	78	13	72	14	12	14	10	13	94	16	56	8	81	24	59	17	16	19	81	21	41	188	72
Bata nó			201	34	208	91	184	94	190	25	171	50	186	56	188	72	184	97	210	44	192	56	192	25	193	12	2303	56
Saniti o de las Vegas			838	97	691	72	564	44	589	06	579	50	592	41	778	69	711	06	692	22	654	65	623	16	830	50	3141	38
Bauli . 				161	41	188	34	159	72	162	53	145	41	153	66	162	88	153	19	153	09	133	65	103	66	. 151	34	1808	88
Can.		58	63	73	66	74	16	74	47	73	66	79	03	72	56	91	72	133	34	136	94	138	53	132	30	1139	...
S^á	itonio de los Bafios		 ...	508	16	450	88	476	44	553	78	527		505	69	567	53	482		467	78	464	28	513	34	465	43	5982	31
Ala	il ar				155	75	155	22	140	66	144	22	146	97	92	28	224	75	156	12	149	84	150	31	187	,,,	178	25	1881	37
Sàia lei Agua						20	03	12	16	12	84	18	13	20	91	20	12	17	25	16	72	20	09	19	06	21	31	23	54	222	66
Gjii:	il ie Melena	 ■		208	50	193	22	200	47	205	50	185	38	179	84	168	44	199		160	59	170	50	151	44	171	56	2189	44
Vèr-	r Nueva	tí		35	12	29	25	39	56	41	13	41	25	41	41	38	25	31	78	47	16	36	31	37	31	30	90	449	43
Giiiii 		 				607	47	599	59	498	13	507	09	505	91	537	69	530	47	616	60	595	50	627	43	578	66	503	93	6807	56
Meli	4. del Sur		43	94	35	94	42	47	62	66	61	44	47	41	37	88	46	27	48	31	47	69	39	06	27	37	540	44
Là «	1 aliña				57	81	59	94	47	53	37	22	39	41	33	41	37	32	39	06	32	53	33	78	29	47	37	17	484	65
pani	i colás				34	19	S6	47	40	28	50	97	38	75	28	75	29	59	32	41	30	88	27	06	31	03	30	09	410	47
Gns		17	56	22	26	32	19	27	13	24	38	18	75	17	41	16	08	19		15	47	14	25	15	97	240	44
Ma. Plp»	ga	 			172	65	196	56	122	13	111	06	113	84	111	94	127	44	117	72	116	03	139	03	173	62	181	10	1683	12
																											
Nu.(	Paz		138	22	175	16	162	56	159	28	143	94	148	19	151	81	132	78	160	59	169	41	144	81	171	10	1863	85
Isla	11 Pinos		 .....................	183	34	141	50	177	94	186	¡3	182	72	201	06	214	47	187	69	196	56	196	34	205	68	177	73	2251	16
		47311	38	47925	88	46222	39	49181	24	49339	45	49110	01	49591	30	46278	64	46796	58	47452	07	47701	45	46260	06	573170	45
		JULIO.		AGOSTO.		SETIEMBRE.		OCTUBRE.		N0V1EMBBE.		DICIEMBRE.		ENERO.		FEBRER	0.	MARZO.		ABRIL.		MAYO,		JUNIO.		TOTAL ANUAL	
DI	[■RITOS MUNICIPALES.	Pesos.	Cs	Pesos.	Cs	Pesos.	Cs	Pesos.	Cs	Pesos.	Cs	Pesos.	Cs	Pesos.	Cs	Pesos.	Cs	Pesos.	Cs	Pesos.	Cs	Pesos,	Cs	Pesos.	Cs	Pesos.	Cs
M^	ANZAS		5062	63	4725	88	4260	16	5360	25	5413	87	5102	09	5024	25	4970	03	4949	59	5188	56	5219	19	4896	15	60872	65
Catti	as..							38	66	21	55	41	88	46	41	41	72	45	85	54	63	47	39	59	97	55	82	57	85	54	46	566	19
Cam		23	59	28	53	28	44	29	72	37	53	39	75	34	03	25	94	23	81	16	62	21	78	33	13	342	87
Gu.8	acaro						173	94	166	44	180	22	188	59	164	oa	133	69	117	31	99	81	102	72	94	98	103	59	107	59	1632	91
Satte	illa		 ....	250	28	200	03	179	81	205	69	214	06	145	25	163	75	151	10	154	53	143	20	145	13	157	88	2110	71
San	Ana.				7	94	29	03	15	75	10	40	5	50	9	88	16	22	11	..	8	53	6	87	12		9	60	142	72
AL-fl	30 XII				229	59	189	59	173	91	181	50	171	84	186	81	203	19	148	63	146	03	155	37	169	09	280	54	2236	09
Boal	drón				.	i. —	411	81	402		368	81	429	47	376	85	389	25	725	97	420	06	450	78	416	81	443	51	405	96	5241	28
Uni	i de Reyes				216	06	204	22	202	63	245	81	241	75	246	47	264	28	263	03	273	41	271	34	298	50	331	62	3059	12
Uàj.	ñas	.&				2369	40	2368	72	2338	56	2695	31	2453	94	2412	31	2448	44	2399	84	2407117		2489	94	2908	48	2791	36	30083	47
Cin	•roñes —					37	63	37	09	49	47	54	81	48	59	30	75	49	56	74	22	54	41	49	12	59	78	68	04	623	47
Gai	ajayabos	 		124	56	120	50	114	28	96	69	84	69	91		99	69	93	12	96	31	92	81	90	78	92	32	1196	75
Go	(Utas.				86	44	53	37	56	28	48	31	53	66	51	91	52	13	52	53	49	97	54	37	57	42	56	64	673	03
Lan	aillas	di		26	37	30	28	21	91	26	28	29	16	27		22	25	22	94	23	41	21	37	28	90	26	31	309	18
Cad		1071	03	912	09	887	97	792	28	784	91	768	37	789	47	646	28	754	66	799	59	854	86	811	46	9972	97
Ma	gua			116	19	104	03	71	81	117	53	60	72	60	81	62	38	60	06	56	28	61	15	59	06	58	57	888	59
Sau	losé de los Ramos		114	44	77	91	78	59	117	43	106 63		109	90	110	59	1"3	28	104	41	106	66	106	19	106	22	1242	25
Mia	rijes			419	19	379	69	335	50	353	91	452	56	347	36	373	69	364	72	349	97	361	06	406	66	354	19	4398	50
Pæi	illas					39	54	122	15	88	13	123	03	65	03	94	94	197	82	194	59	173	03	131	88	139	47	125	52	1495	13
Joc	danos.		669		695	84	622	66	647	71	598163		689	69	694	87	637	44	711	69	702	84	757	07	781	19	8208	63
C«s	antes		163	42	149	53	105	09	96	19	103ÌOO		101	59	91	30	67	07	65	59	70	50	75	81	100	53	1189	44
EU	oque		46	69	35	94	50	22	43	78	35 54		26	94	30	12	36	22	40	71	34	79	36	63	26	05	443	63
Cita	itas		172	66	133	59	100	25	123	97	119	53	116	19	146	91	144		135	37	151	38	151	30	140	07	1635	22
		11871	06	11188		11072	33	12035	07	11563	! 83	11237	80	11772	58	11133	30	11192	35	11480	03	12203	05	11815	40	138564	80
		JULIO.		AGOSTO.		SETIEMBRE.		OCTUBRE,		NOVIEMBRE.		DICIEMBRE.		ENERO.		FEBRERO.		MARZO.		ABRIL.		MAYO.		JUNIO.		TOTAJi ANUAL	
E	JTRITOS MUNICIPALES.	Pesos.	Cë	Pesos.	Cs	Pesos.	Cs	Pesos.	Cs	Pesos.	Cs	Pesos.	Cs	Pesos.	Cs	Pesos.	Cs	Pesos.	Cs	Pesos.	C8	Pesos.	Cs	Pesos.	Cs	Pesos.	Os
SA	TA CLARA		1865	84	1522		1567	47	1570	54	1555	44	1548	34	1585	41	1547	12	1711	81	1586	87	1937	03	1994	87	19992	74
Es!	ranza 				367	25	282	81	262	94	282	44	284	03	288	97	282	22	263	47	268	84	283		320	04	263	09	3449	10
Cía’	bazar 			53	78	12	75	78	Ï8		67	72	77	94	72	07	66	88	81	09	79	06	464	81	473		1109	52
K:!	jhuelo...,	 					335	21	310	12	265	16	■ 231	63	236	59	258	16	31ÍI7S		312	66	330	59	294	69	233	71	193	1Ó	3313	40
Sa	Diego del Valle	„	 ...	33	25	45	09	36	44	35	91	32	22	35	91	33103		32	22	30	56	30	34	21	34	21	66	fa 387	97
Sa	Juan de las Yeras		104	87	87	88	70	94	79	18	78	25	S6	53	89	75	94	19	81	38	79	69	136	84	141	55	1141	05
Sa		20fífi	3?	1807		1$10	03	1809	96	1810	40	1811	50	1807	91	1845	41	2046	16	2182		2706	06	9J.90		$>4125	98
Ai	ro	i		202	57	184	53	199	28	200	66	196	91	201	78	198	18	198	96	195	34	196	14	210	68	212	68	2398	31
CW	de Pablo		 			44	31	48	75	4 4	6t	37	07	52	06	50	34	37	69	65		89	12	113	82	120	25	100	93	803	40
BU	cho Veloz		28	59	43	40	48	62	31	47	50	01	53	62	47	40	51	44	75	66	89	38	60	63	60	74	641	96
<a	ruado de Güines			185	01	133	16	134	13	162	44	135	28	110	46	78	68	67	41	58	56	70	50	209	84	223	37	1568	84
Si»	o Domingo			286	87	346	15	327	71	328	09	372	21	311	36	299		285	65	282	77	310		404	68	438	29	3992	78
ra	idad 				1161	40	1036	88	981	97	1033	38	984	30	942	44	290	81	920	91	878		838	22	1644	69	1428	70	12741	70
iSSii	ti-Spíritus		180t	22	1666	62	1561	62	1584	93	1493	06	1411	26	1433	91	1506	10	1539	41	1183	48	1894	69	1959	73	19043	03
? td	edios		131C	82	1201	78	1196	96	1277	38	1146	47	1220	53	1229	03	1207	03	1200	38	1142	37	1326	03	1360	75	14819	53
li	Antonio de las Vueltas		US	59	81	02	80		■ 87	12	87	53	85	81	85	53	91	09	82	25	87	63	138	13	123	42	1143	12
|CJL	ajuaní				271	59	30¿	15	335	50	360	59	381	13	398	81	384	91	357	22	454	53	475	83	493	07	402	04	4619	37
|C-	arié n		486	21	38]	38	331	41	346	02	327	91	334	40	330	59	299	06	297	31	315	18	583	94	643	57	4671	31
jffi	etas 		445	58	397	65	994	41	390	19	379	77	368	72	378	82	348	41	351	88	364	76	468	43	462	64	4761	21.
Itti	uajay		IOS	16	108	39	109	40	108	78	109	06	109	59	113	22	220	75	184	59	199	44	217	87	129	29	1719	53
VÜ ifuego s					3934		3889	34	3802	66	3956	28	3894	47	4009	19	4175	56	3833	88	4292	68	4092	66	4569	72	4902	47	4.9351	91
IQJ ces					59S	47	480	7Ö	443	84	490	47	473	66	496	53	509	12	474	22	476	78	483	60	746	37	740	40	6414	24
I	eus 		177	44	175	6i:	167	03	171	56	181	59	185	59	182	06	.189	02	198	40	208	21	325	94	484	24	2646	71
11* mra	*			468	75	503	03	457	34	440	41	439	31	493	18	513	88	503	85	474	54	471	59	456	65	410	60|	5634	53
\ 10 ìarones•••••• 					67	97	68 88		67	26	72	22	72	25	75	84	79	37	84	75	'73	68	73	31	no	16	110	19	955	58
I ?? tagena					35	75	40	...	39	72	40 84		34	53	39	22	27	66	42	31	42	59	42	41	148	24	180		714	27
I -i las		 . 				428	37	361	5b	329	18	344	72	349	69	351	04	326	41	326	84	314	69	522	66	582	69	6601	58	4901	43
I S? ta Isabel de las Lajas			304	25	289	75	282	59	286	35	277	41	282	31	290	65	268	21	270	32	280	63	433	06	329	41	3594	94
		17328	20	1 15875	'06	15424	05	15838	j¡¡	15507	29	15659	37	15797	65	15504	09	163831	81	16097]	77	20967	59	208721	70	201257	21